,time,left_pwm,right_pwm,left_pressure,right_pressure,left_flex,right_flex,base_pos_x,base_pos_y,tip_pos_x,tip_pos_y
0,0.0,0.0,0.0,101.0,0.0,571.0,0.0,114.19725067421015,-36.1361890187455,113.20630124039978,48.13698146840981
1,0.02001953125,0.0,0.0,100.0,0.0,573.0,0.0,114.19725067421014,-36.13618901874548,113.20630124039978,48.13698146840981
2,0.050048828125,0.0,0.0,101.0,0.0,572.0,0.0,114.01234020764909,-36.18470717665326,113.20630124039978,48.136981468409815
3,0.080078125,0.0,0.0,100.0,0.0,569.0,0.0,114.20302641498618,-36.10938443493248,113.2037125803263,48.28351906667082
4,0.099853515625,0.0,0.0,101.0,0.0,573.0,0.0,114.0372119014284,-36.15411486018716,113.19021035780177,48.139652461099544
5,0.1298828125,0.0,0.0,101.0,0.0,572.0,0.0,114.20744263632744,-36.132539799848146,113.13840644412589,48.29616114534452
6,0.14990234375,0.0,0.0,101.0,0.0,571.0,0.0,114.20744263632744,-36.13253979984812,113.13840644412589,48.29616114534453
7,0.179931640625,0.0,0.0,100.0,0.0,572.0,0.0,114.20572387109235,-36.13237146232841,113.21205313896564,48.131202322417536
8,0.2099609375,0.0,0.0,100.0,0.0,571.0,0.0,113.52863506816234,-35.36101595776593,112.56891879758244,48.64337200376926
9,0.22998046875,0.0,0.0,101.0,0.0,571.0,0.0,113.52863506816234,-35.36101595776593,112.56891879758246,48.64337200376925
10,0.260009765625,0.0,0.0,101.0,0.0,570.0,0.0,113.54288588595867,-35.34150354493586,112.58498268322543,48.64068369960467
11,0.280029296875,0.0,0.0,101.0,0.0,571.0,0.0,113.507442201864,-35.38125816753089,112.59174913471023,48.63721953790063
12,0.31005859375,0.0,0.0,101.0,0.0,570.0,0.0,113.507442201864,-35.38125816753089,112.59174913471023,48.63721953790063
13,0.33984375,0.0,0.0,101.0,0.0,573.0,0.0,113.52042675473994,-35.37148538651357,112.56119408739548,48.801380370865914
14,0.35986328125,0.0,0.0,101.0,0.0,572.0,0.0,113.5302924161789,-35.357934171139846,112.57714926830926,48.65486454002432
15,0.389892578125,0.0,0.0,101.0,0.0,571.0,0.0,113.5302924161789,-35.357934171139874,112.57714926830926,48.654864540024306
16,0.409912109375,0.0,0.0,100.0,0.0,570.0,0.0,113.51947622971903,-35.389025100307435,112.56119408739548,48.80138037086589
17,0.43994140625,0.0,0.0,101.0,0.0,574.0,0.0,113.55838538712514,-35.50829808477301,112.58498268322545,48.64068369960466
18,0.469970703125,0.0,0.0,100.0,0.0,571.0,0.0,113.51732476407156,-35.3343132070366,112.56019884674234,48.79589341691755
19,0.489990234375,0.0,0.0,101.0,0.0,573.0,0.0,113.51732476407156,-35.33431320703663,112.56019884674234,48.79589341691755
20,0.52001953125,0.0,0.0,102.0,0.0,570.0,0.0,113.50414315117443,-35.35399690907084,112.58362390686688,48.65914375957959
21,0.5400390625,0.0,0.0,101.0,0.0,572.0,0.0,113.50439762617322,-35.35555327910507,112.56313756355553,48.649164801267304
22,0.570068359375,0.0,0.0,101.0,0.0,572.0,0.0,113.52320639099281,-35.52378192009228,112.57714926830928,48.654864540024285
23,0.599853515625,0.0,0.0,101.0,0.0,570.0,0.0,113.51068105898368,-35.339550097253316,112.57714926830928,48.654864540024285
24,0.619873046875,0.0,0.0,100.0,0.0,571.0,0.0,113.53985008431151,-35.414952072558805,112.57396857226792,48.79170468690401
25,0.64990234375,0.0,0.0,101.0,0.0,572.0,0.0,113.53985008431151,-35.41495207255882,112.57396857226792,48.79170468690401
26,0.669921875,0.0,0.0,101.0,0.0,572.0,0.0,113.51732476407159,-35.33431320703675,112.5529636135373,48.803457005458846
27,0.699951171875,0.0,0.0,101.0,0.0,570.0,0.0,113.36075115799605,-35.55017772988858,112.58498268322546,48.640683699604615
28,0.72998046875,0.0,0.0,101.0,0.0,574.0,0.0,114.28949622679774,-36.06613983782812,113.42714590918536,48.24091156756156
29,0.75,0.0,0.0,100.0,0.0,571.0,0.0,114.28949622679772,-36.0661398378281,113.42714590918536,48.24091156756157
30,0.780029296875,0.0,0.0,100.0,0.0,574.0,0.0,114.42783865466814,-36.086126894796664,113.39637406564205,48.40546923008035
31,0.800048828125,0.0,0.0,101.0,0.0,571.0,0.0,114.42783865466814,-36.086126894796664,113.39637406564205,48.40546923008035
32,0.830078125,0.0,0.0,101.0,0.0,572.0,0.0,114.26830664181314,-36.07422209219295,113.43289953304827,48.23514401832222
33,0.85986328125,0.0,0.0,101.0,0.0,569.0,0.0,114.26830664181314,-36.07422209219296,113.43289953304829,48.23514401832221
34,0.8798828125,0.0,0.0,100.0,0.0,572.0,0.0,114.42657311697889,-36.10479050038599,113.42680358514879,48.24868483466196
35,0.909912109375,0.0,0.0,101.0,0.0,572.0,0.0,114.44216006593464,-36.05387302886276,113.42714590918536,48.240911567561554
36,0.929931640625,0.0,0.0,101.0,0.0,573.0,0.0,114.41445984662019,-36.09807238061517,113.44139821133754,48.229722380639416
37,0.9599609375,0.0,0.0,101.0,0.0,571.0,0.0,114.44034116914145,-36.05713456037791,113.39039991579168,48.43381398564237
38,0.989990234375,0.0,0.0,101.0,0.0,574.0,0.0,114.44034116914145,-36.05713456037791,113.39039991579168,48.43381398564237
39,1.010009765625,0.0,0.0,101.0,0.0,572.0,0.0,114.43950856820763,-36.062404935716266,113.39039991579168,48.43381398564237
40,1.0400390625,0.0,0.0,101.0,0.0,571.0,0.0,114.40956890790187,-36.10458460186,113.42036471609397,48.244371607289324
41,1.06005859375,0.0,0.0,101.0,0.0,572.0,0.0,114.43977117280315,-36.05699223360226,113.41952986451383,48.23816263189168
42,1.08984375,0.0,0.0,101.0,0.0,570.0,0.0,114.43977117280315,-36.056992233602244,113.41952986451383,48.23816263189168
43,1.119873046875,0.0,0.0,100.0,0.0,571.0,0.0,114.48253109641573,-36.036615778238485,113.39057040494401,48.26707645263238
44,1.139892578125,0.0,0.0,101.0,0.0,573.0,0.0,114.48253109641573,-36.036615778238485,113.39637406564205,48.40546923008034
45,1.169921875,0.0,0.0,101.0,0.0,568.0,0.0,114.43716448249594,-36.126722165487074,113.40427142021063,48.24703463677886
46,1.199951171875,0.0,0.0,100.0,0.0,572.0,0.0,114.26073003138535,-36.28322207552236,113.39637406564205,48.405469230080335
47,1.219970703125,0.0,0.0,101.0,0.0,574.0,0.0,114.26073003138535,-36.28322207552236,113.39637406564205,48.405469230080335
48,1.25,0.0,0.0,101.0,0.0,573.0,0.0,113.0596936267574,-35.52900131283206,112.31803918382171,48.70433637087563
49,1.27001953125,0.0,0.0,100.0,0.0,573.0,0.0,113.22039754917114,-35.511030567487104,112.33207462633374,48.71003675939943
50,1.300048828125,0.0,0.0,100.0,0.0,571.0,0.0,113.22039754917112,-35.511030567487076,112.33207462633374,48.710036759399436
51,1.320068359375,0.0,0.0,100.0,0.0,571.0,0.0,113.23557473747556,-35.52643531820098,112.34339211047072,48.836243912682875
52,1.349853515625,0.0,0.0,101.0,0.0,574.0,0.0,113.23557473747556,-35.52643531820101,112.34339211047072,48.83624391268287
53,1.3798828125,0.0,0.0,101.0,0.0,572.0,0.0,113.2322199698445,-35.55597635923393,112.33991168644192,48.69582437930457
54,1.39990234375,0.0,0.0,101.0,0.0,574.0,0.0,113.22785217133082,-35.50675260218765,112.34635603525128,48.700115842667856
55,1.429931640625,0.0,0.0,101.0,0.0,572.0,0.0,113.22785217133084,-35.50675260218767,112.34635603525128,48.700115842667856
56,1.4599609375,0.0,0.0,101.0,0.0,571.0,0.0,113.0794187201681,-35.51596743957141,112.29384174387275,48.86591212527403
57,1.47998046875,0.0,0.0,101.0,0.0,572.0,0.0,113.24730492365596,-35.50592483938584,112.29384174387275,48.865912125274015
58,1.510009765625,0.0,0.0,101.0,0.0,572.0,0.0,113.2272826294127,-35.50660711137852,112.32452566407375,48.708618892227946
59,1.530029296875,0.0,0.0,101.0,0.0,568.0,0.0,113.20834839008131,-35.519132063197375,112.33990080361053,48.6700140021731
60,1.56005859375,0.0,0.0,101.0,0.0,572.0,0.0,113.20834839008131,-35.51913206319742,112.33990080361055,48.67001400217309
61,1.58984375,0.0,0.0,101.0,0.0,570.0,0.0,113.0734012942558,-35.52164978678552,112.27222844187048,48.85505435113863
62,1.60986328125,0.0,0.0,102.0,0.0,574.0,0.0,113.23245904196487,-35.50027404074312,112.31666600133246,48.722872170487776
63,1.639892578125,0.0,0.0,100.0,0.0,571.0,0.0,113.27005709911215,-35.48651425704793,112.31666600133246,48.72287217048777
64,1.659912109375,0.0,0.0,102.0,0.0,572.0,0.0,113.27005709911215,-35.48651425704794,112.31666600133246,48.72287217048777
65,1.68994140625,0.0,0.0,101.0,0.0,572.0,0.0,113.23601369383309,-35.57600337325073,112.29384174387279,48.86591212527398
66,1.7099609375,0.0,0.0,101.0,0.0,571.0,0.0,113.2499277777139,-35.52638507498245,112.33118584259951,48.703897104162806
67,1.739990234375,0.0,0.0,100.0,0.0,571.0,0.0,113.06396651552615,-35.48034081700686,112.31617724499908,48.856832680314305
68,1.77001953125,0.0,0.0,101.0,0.0,571.0,0.0,113.70318407772665,-35.79004072589947,112.7098669356975,48.451236880292335
69,1.7900390625,0.0,0.0,101.0,0.0,572.0,0.0,113.70318407772665,-35.79004072589943,112.7098669356975,48.45123688029234
70,1.820068359375,0.0,0.0,101.0,0.0,570.0,0.0,113.70735660661252,-35.989657745497865,112.73175001240986,48.442742629982845
71,1.849853515625,0.0,0.0,101.0,0.0,572.0,0.0,113.67796548628476,-35.84703934539741,112.7098669356975,48.451236880292356
72,1.869873046875,0.0,0.0,100.0,0.0,570.0,0.0,113.69874621406547,-35.8593718137589,112.73090953959993,48.43653779919614
73,1.89990234375,0.0,0.0,101.0,0.0,574.0,0.0,113.68777461305362,-35.856182033715626,112.7098669356975,48.45123688029237
74,1.919921875,0.0,0.0,101.0,0.0,571.0,0.0,113.68777461305362,-35.85618203371562,112.70986693569749,48.45123688029237
75,1.949951171875,0.0,0.0,101.0,0.0,571.0,0.0,113.66574032243119,-35.82883491514701,112.73175001240986,48.44274262998287
76,1.969970703125,0.0,0.0,101.0,0.0,573.0,0.0,113.69999278563569,-35.82974358824258,112.72390178311201,48.45695450911935
77,2.0,0.0,0.0,102.0,0.0,570.0,0.0,113.66627025300282,-35.82902187885555,112.73175001240985,48.442742629982874
78,2.030029296875,0.0,0.0,101.0,0.0,572.0,0.0,113.71833038098343,-35.8227148449342,112.73175001240985,48.44274262998288
79,2.050048828125,0.0,0.0,101.0,0.0,572.0,0.0,113.6824062186161,-35.83772571077977,112.75366217019685,48.45538307383123
80,2.080078125,0.0,0.0,101.0,0.0,572.0,0.0,113.67247706413895,-35.88526834392242,112.93171104126124,48.73278134759404
81,2.10986328125,100.0,0.0,101.0,0.0,572.0,0.0,113.67247706413895,-35.885268343922405,112.93171104126124,48.73278134759405
82,2.1298828125,100.0,0.0,103.0,0.0,571.0,0.0,113.67402510075544,-35.83748302690078,115.43434817053361,49.40650559168258
83,2.159912109375,100.0,0.0,107.0,0.0,567.0,0.0,113.69807413847546,-35.83558721399827,119.75649628248358,50.26988432868657
84,2.18994140625,100.0,0.0,110.0,0.0,558.0,0.0,113.6724049551845,-35.8719952416453,123.92266938037702,50.673517604150696
85,2.219970703125,100.0,0.0,113.0,0.0,538.0,0.0,113.6724049551845,-35.8719952416453,123.92266938037702,50.673517604150696
86,2.239990234375,100.0,0.0,117.0,0.0,496.0,0.0,113.69800954544432,-35.83070693166361,125.4794919399226,50.770123500154185
87,2.27001953125,100.0,0.0,119.0,0.0,474.0,0.0,113.67571641319878,-35.81573855803423,126.16269968509849,50.891213937724764
88,2.300048828125,100.0,0.0,121.0,0.0,462.0,0.0,114.00774773716593,-36.16307578946402,127.89544391709559,50.52905724950384
89,2.330078125,100.0,0.0,123.0,0.0,452.0,0.0,114.1684108393087,-36.103981157995385,130.89911565605047,50.516407636909115
90,2.35986328125,100.0,0.0,127.0,0.0,439.0,0.0,114.1684108393087,-36.10398115799537,130.89911565605047,50.516407636909115
91,2.389892578125,100.0,0.0,128.0,0.0,430.0,0.0,114.02060667624897,-36.11372485708026,133.22906026529046,50.132291548596356
92,2.409912109375,100.0,0.0,129.0,0.0,421.0,0.0,113.97983361168461,-36.104565394507674,133.97270842887693,50.101350374252064
93,2.43994140625,100.0,0.0,128.0,0.0,420.0,0.0,113.98259184407124,-36.14932124932229,133.73967130050875,50.128839284049086
94,2.469970703125,100.0,0.0,132.0,0.0,416.0,0.0,114.00796211807744,-36.14328634229288,134.36632106801196,50.162413832948445
95,2.5,100.0,0.0,133.0,0.0,414.0,0.0,114.00635297613911,-36.107133017124994,136.54452495417013,50.043784729912055
96,2.530029296875,100.0,0.0,135.0,0.0,407.0,0.0,114.00635297613911,-36.10713301712498,136.54452495417013,50.043784729912055
97,2.550048828125,100.0,0.0,134.0,0.0,405.0,0.0,114.16849478880353,-36.10067304441452,138.22669741959584,49.578446303571084
98,2.580078125,100.0,0.0,135.0,0.0,399.0,0.0,114.17056802233688,-36.15878000560251,138.81086628147327,49.490705035668924
99,2.60986328125,100.0,0.0,136.0,0.0,396.0,0.0,114.14808709013242,-36.112005948351104,138.20328029711035,49.61721401339478
100,2.639892578125,100.0,0.0,138.0,0.0,401.0,0.0,114.19440170253648,-36.09685036019088,138.74975442690433,49.56041934116504
101,2.669921875,100.0,0.0,138.0,0.0,401.0,0.0,113.99407799241732,-36.321108287160754,140.16546115561536,49.06755919279814
102,2.699951171875,100.0,0.0,140.0,0.0,397.0,0.0,113.98212774270297,-36.17908131417475,141.64504221689532,48.85969722905268
103,2.719970703125,100.0,0.0,138.0,0.0,391.0,0.0,113.98212774270299,-36.179081314174766,141.64504221689532,48.85969722905267
104,2.75,100.0,0.0,141.0,0.0,387.0,0.0,113.99075986740255,-36.32907514814995,141.73877687821027,48.904041940190744
105,2.780029296875,100.0,0.0,140.0,0.0,389.0,0.0,113.99421886063541,-36.16444132153986,141.5744640380304,48.9430345955476
106,2.81005859375,100.0,0.0,142.0,0.0,393.0,0.0,114.17564156375533,-36.118173261201505,141.6232744784534,48.89589961973283
107,2.83984375,100.0,0.0,141.0,0.0,393.0,0.0,114.18321351463047,-36.10929218874196,142.9208216862971,48.48143353338743
108,2.85986328125,100.0,0.0,143.0,0.0,390.0,0.0,112.875511526578,-35.667146589511674,143.35697028863578,48.6046678946321
109,2.889892578125,100.0,0.0,142.0,0.0,385.0,0.0,112.875511526578,-35.667146589511674,143.35697028863578,48.6046678946321
110,2.919921875,100.0,0.0,144.0,0.0,381.0,0.0,112.76328471065926,-35.890986829156354,142.936264220126,48.86053832816215
111,2.949951171875,100.0,0.0,145.0,0.0,385.0,0.0,112.72096603496577,-35.7464197235473,142.95793469118112,48.68213466961288
112,2.969970703125,100.0,0.0,143.0,0.0,386.0,0.0,112.72096603496576,-35.74641972354731,142.95793469118115,48.68213466961287
113,3.0,100.0,0.0,146.0,0.0,389.0,0.0,112.93846996529649,-35.6678596280221,143.96359050335298,48.42258950543022
114,3.030029296875,100.0,0.0,144.0,0.0,386.0,0.0,112.92624548020359,-35.722143925194274,144.98932049241114,48.00078915853053
115,3.06005859375,100.0,0.0,146.0,0.0,381.0,0.0,112.92624548020359,-35.72214392519426,144.98932049241114,48.000789158530544
116,3.08984375,100.0,0.0,146.0,0.0,378.0,0.0,112.86411198181435,-35.7364803907078,145.21731593498777,48.04601718283108
117,3.119873046875,100.0,0.0,143.0,0.0,380.0,0.0,112.9164739810534,-35.73513492981862,144.7713797496098,48.214049098267836
118,3.139892578125,100.0,0.0,147.0,0.0,385.0,0.0,112.88447648111047,-35.728449188339006,146.4783698893369,47.58836422048378
119,3.169921875,100.0,0.0,145.0,0.0,385.0,0.0,112.88447648111047,-35.72844918833899,146.4783698893369,47.58836422048379
120,3.199951171875,100.0,0.0,149.0,0.0,381.0,0.0,112.8918123829437,-35.72456113258945,146.13569347660675,47.68940760277637
121,3.22998046875,100.0,0.0,148.0,0.0,376.0,0.0,112.8944150828608,-35.715460573066395,146.16843647840923,47.68128962493099
122,3.260009765625,100.0,0.0,145.0,0.0,382.0,0.0,112.8944150828608,-35.71546057306638,146.1684364784092,47.681289624931
123,3.280029296875,100.0,0.0,151.0,0.0,382.0,0.0,112.74101222775164,-35.70471388646165,146.93224053085743,47.35881485696267
124,3.31005859375,100.0,0.0,147.0,0.0,379.0,0.0,112.7395109848746,-35.71317957294395,147.55347567240682,47.21033155208414
125,3.33984375,100.0,0.0,148.0,0.0,380.0,0.0,112.71560907368321,-35.75559372814034,147.59123181697515,47.07944423902909
126,3.369873046875,100.0,0.0,149.0,0.0,376.0,0.0,112.7156090736832,-35.755593728140326,147.59123181697512,47.07944423902909
127,3.39990234375,100.0,0.0,149.0,0.0,377.0,0.0,112.89486523960426,-35.706345150262116,147.4591150544191,47.30467656792505
128,3.429931640625,100.0,0.0,152.0,0.0,380.0,0.0,113.5598032389932,-35.83377153355886,148.82020091030464,46.875124179868614
129,3.449951171875,100.0,0.0,150.0,0.0,378.0,0.0,113.5598032389932,-35.83377153355886,148.82020091030464,46.875124179868614
130,3.47998046875,100.0,0.0,148.0,0.0,376.0,0.0,113.54437062658653,-35.70406465607006,149.28997889327601,46.57919050494152
131,3.510009765625,100.0,0.0,152.0,0.0,379.0,0.0,113.70909927910787,-35.716619453233506,149.289978893276,46.57919050494152
132,3.5400390625,100.0,0.0,151.0,0.0,380.0,0.0,113.57957099762275,-35.67037569960886,148.9788577674348,46.8402926587698
133,3.56005859375,100.0,0.0,148.0,0.0,377.0,0.0,113.57957099762275,-35.67037569960886,148.9788577674348,46.84029265876979
134,3.58984375,100.0,0.0,150.0,0.0,376.0,0.0,113.73548851900841,-35.65157401935372,148.98792430845316,46.627625358150404
135,3.619873046875,100.0,0.0,152.0,0.0,373.0,0.0,113.5589046678758,-35.842887671966764,149.60042437917895,46.49913586843594
136,3.64990234375,100.0,0.0,149.0,0.0,376.0,0.0,113.71665630972171,-35.81399989182223,149.93278234436133,46.31914941785493
137,3.679931640625,100.0,0.0,151.0,0.0,381.0,0.0,113.71665630972171,-35.81399989182223,149.93278234436133,46.31914941785493
138,3.7099609375,100.0,0.0,151.0,0.0,377.0,0.0,113.57257278321575,-35.68494182616998,149.90398293832453,46.51710590432672
139,3.72998046875,100.0,0.0,151.0,0.0,372.0,0.0,113.57257278321573,-35.68494182616994,149.9039829383245,46.517105904326726
140,3.760009765625,100.0,0.0,152.0,0.0,372.0,0.0,113.73548851900841,-35.65157401935369,149.6394810014045,46.461987413303504
141,3.7900390625,100.0,0.0,152.0,0.0,377.0,0.0,113.71121892960349,-35.65949294683382,149.69423382089954,46.506621579637326
142,3.820068359375,100.0,0.0,150.0,0.0,378.0,0.0,113.7480741170895,-35.620629989389435,150.32133130162754,46.26633557154268
143,3.849853515625,100.0,0.0,152.0,0.0,378.0,0.0,113.56672514147873,-35.67063703494459,150.74078278514855,45.96401028396181
144,3.869873046875,100.0,0.0,152.0,0.0,377.0,0.0,113.73548851900843,-35.65157401935373,150.55355157599513,45.995628906280835
145,3.89990234375,100.0,0.0,150.0,0.0,370.0,0.0,113.73548851900841,-35.651574019353745,150.55355157599513,45.995628906280835
146,3.929931640625,100.0,0.0,153.0,0.0,374.0,0.0,113.73164516886493,-35.82185310647645,150.36930937216215,46.223932477145866
147,3.9599609375,100.0,0.0,153.0,0.0,379.0,0.0,113.73164516886493,-35.82185310647644,150.36930937216215,46.223932477145866
148,3.989990234375,100.0,0.0,151.0,0.0,374.0,0.0,113.94648511370629,-36.079337340969644,151.28450722283338,45.77959544418498
149,4.010009765625,100.0,0.0,154.0,0.0,375.0,0.0,113.94648511370629,-36.07933734096966,151.28450722283338,45.77959544418497
150,4.0400390625,100.0,0.0,153.0,0.0,374.0,0.0,113.83261154833625,-36.082915570849174,151.3600933749067,45.65621948776932
151,4.070068359375,100.0,0.0,151.0,0.0,379.0,0.0,114.00061317806436,-36.128212170189585,151.3017644499489,45.69882934614125
152,4.099853515625,100.0,0.0,153.0,0.0,372.0,0.0,113.98039752424283,-36.13083039027067,151.2454525070218,45.81725383898186
153,4.1298828125,100.0,0.0,153.0,0.0,371.0,0.0,113.8232500595381,-36.096441865762046,151.32312436829412,45.74424680668587
154,4.159912109375,100.0,0.0,152.0,0.0,374.0,0.0,113.82325005953808,-36.09644186576202,151.3231243682941,45.74424680668588
155,4.179931640625,100.0,0.0,154.0,0.0,377.0,0.0,113.97322913627659,-36.11865532558482,151.5934015942388,45.6929783745805
156,4.2099609375,100.0,0.0,153.0,0.0,377.0,0.0,113.97421744686531,-36.08776991343033,151.6967991004487,45.430670530205916
157,4.239990234375,100.0,0.0,152.0,0.0,374.0,0.0,113.97897389408102,-36.26944145861334,151.74910408757697,45.54794230654741
158,4.27001953125,100.0,0.0,153.0,0.0,375.0,0.0,113.97897389408101,-36.26944145861333,151.74910408757697,45.54794230654742
159,4.2900390625,100.0,0.0,154.0,0.0,374.0,0.0,113.83794413570018,-36.110189817946086,151.3666362522444,45.64998441805488
160,4.320068359375,100.0,0.0,152.0,0.0,375.0,0.0,113.97421744686531,-36.0877699134303,151.63708847974567,45.68743268986
161,4.349853515625,100.0,0.0,152.0,0.0,377.0,0.0,113.98847940477661,-36.092926668489284,151.99742220814557,45.41593075019184
162,4.3798828125,100.0,0.0,154.0,0.0,373.0,0.0,113.99228494182053,-36.09445302022061,152.0527349612668,45.36033929049103
163,4.409912109375,100.0,0.0,154.0,0.0,374.0,0.0,113.98847940477661,-36.092926668489255,151.95911044353946,45.418653291258394
164,4.43994140625,100.0,0.0,152.0,0.0,378.0,0.0,113.95767232088474,-36.11544707398021,151.94210199350624,45.39434958254109
165,4.4599609375,100.0,0.0,154.0,0.0,377.0,0.0,113.99019218263757,-36.112797862414695,152.0569316454806,45.44521248747995
166,4.489990234375,100.0,0.0,154.0,0.0,377.0,0.0,113.99019218263757,-36.11279786241468,152.0569316454806,45.44521248747996
167,4.52001953125,100.0,0.0,153.0,0.0,374.0,0.0,113.99011958315666,-36.14554056176519,152.38890953155638,45.17822560941945
168,4.550048828125,100.0,0.0,153.0,0.0,376.0,0.0,113.246694585574,-36.10434127903546,151.7740606753897,45.555678066304985
169,4.580078125,100.0,0.0,154.0,0.0,378.0,0.0,113.26762021542551,-36.06428942079597,151.50921390794514,45.63085675638559
170,4.599853515625,100.0,0.0,154.0,0.0,376.0,0.0,113.21500623598224,-36.06235054087621,151.5703095981095,45.58785839671489
171,4.6298828125,100.0,0.0,152.0,0.0,374.0,0.0,113.2329337936589,-36.118440976482574,151.84541489399606,45.406930275969465
172,4.659912109375,100.0,0.0,154.0,0.0,378.0,0.0,113.21500623598224,-36.06235054087621,151.9130754089491,45.37330445853505
173,4.68994140625,100.0,0.0,155.0,0.0,376.0,0.0,113.21500623598224,-36.06235054087621,151.9130754089491,45.37330445853505
174,4.719970703125,100.0,0.0,153.0,0.0,373.0,0.0,113.2078814626519,-36.07679236886814,151.8869584872153,45.363230364936044
175,4.739990234375,100.0,0.0,152.0,0.0,372.0,0.0,113.05986717489259,-36.07731384465641,151.8391608253545,45.39793244126635
176,4.77001953125,100.0,0.0,155.0,0.0,376.0,0.0,113.06924883981502,-36.06373500033458,151.84666619372877,45.377450635873466
177,4.800048828125,100.0,0.0,155.0,0.0,376.0,0.0,113.22568370724805,-36.10399150933575,151.93621641736271,45.41290479418417
178,4.830078125,100.0,0.0,153.0,0.0,376.0,0.0,113.22568370724805,-36.10399150933575,151.93621641736271,45.41290479418417
179,4.85986328125,100.0,0.0,154.0,0.0,375.0,0.0,113.21007409621558,-36.12694260441585,152.157455772704,45.33970744100836
180,4.889892578125,100.0,0.0,155.0,0.0,377.0,0.0,113.2454267194477,-36.04678279271661,152.10399192344522,45.38651342153747
181,4.909912109375,100.0,0.0,153.0,0.0,378.0,0.0,113.21557126292464,-36.08874368627329,151.93473293857744,45.36216675843384
182,4.93994140625,100.0,0.0,152.0,0.0,378.0,0.0,113.27330301300584,-36.04644792963643,152.10399192344522,45.38651342153747
183,4.969970703125,100.0,0.0,154.0,0.0,375.0,0.0,113.07002147799653,-36.10104532784755,152.16795637536515,45.32535504054736
184,5.0,100.0,0.0,154.0,0.0,379.0,0.0,113.2122550246471,-36.0965860826146,152.17378338990784,45.256236013928834
185,5.02001953125,100.0,0.0,152.0,0.0,380.0,0.0,113.2122550246471,-36.09658608261466,152.17378338990784,45.25623601392882
186,5.050048828125,100.0,0.0,154.0,0.0,375.0,0.0,113.26607804879704,-36.09787800803854,152.18123345573304,45.31374790685548
187,5.080078125,100.0,0.0,157.0,0.0,375.0,0.0,113.23947967500212,-36.0787696453661,152.1558902064968,45.27686756114807
188,5.10986328125,100.0,0.0,155.0,0.0,376.0,0.0,114.22785746392606,-35.98392253037885,152.8844741782679,44.881705791348274
189,5.139892578125,100.0,0.0,154.0,0.0,378.0,0.0,114.20984463997806,-35.998772179013685,152.92501893914903,44.89540127853687
190,5.169921875,100.0,0.0,155.0,0.0,379.0,0.0,114.22172150494171,-35.98935314617437,152.85709285964506,44.89092349411872
191,5.18994140625,100.0,0.0,154.0,0.0,377.0,0.0,114.19553714923876,-35.99884225329927,153.0795091583529,44.68497052042191
192,5.219970703125,100.0,0.0,153.0,0.0,375.0,0.0,114.19553714923876,-35.99884225329927,153.0795091583529,44.68497052042191
193,5.25,100.0,0.0,156.0,0.0,378.0,0.0,114.22894061346054,-35.958754546076335,153.1005258524096,44.92463785186794
194,5.280029296875,100.0,0.0,155.0,0.0,378.0,0.0,114.22894061346052,-35.95875454607632,153.1005258524096,44.924637851867935
195,5.31005859375,100.0,0.0,154.0,0.0,377.0,0.0,114.22934310991957,-35.96080694681609,152.8996016896153,44.85896758420573
196,5.330078125,100.0,0.0,152.0,0.0,376.0,0.0,114.22934310991958,-35.960806946816106,152.89960168961534,44.85896758420573
197,5.35986328125,100.0,0.0,155.0,0.0,377.0,0.0,114.04045498886802,-36.01585013321689,152.9311515057822,44.90154202337073
198,5.389892578125,100.0,0.0,154.0,0.0,381.0,0.0,114.04045498886802,-36.015850133216915,152.93115150578222,44.90154202337072
199,5.419921875,100.0,0.0,153.0,0.0,375.0,0.0,114.23359903312625,-35.97709879840063,152.94853571563303,44.733331964221634
200,5.449951171875,100.0,0.0,154.0,0.0,377.0,0.0,114.21575360480624,-35.98959237332098,153.17527129400747,44.692974794521376
201,5.469970703125,100.0,0.0,156.0,0.0,378.0,0.0,114.20745082303077,-35.96984573313847,153.1279119029116,44.70662349318622
202,5.5,100.0,0.0,153.0,0.0,377.0,0.0,114.20745082303077,-35.969845733138484,153.1279119029116,44.70662349318623
203,5.530029296875,100.0,0.0,153.0,0.0,378.0,0.0,114.20513248282678,-35.968755923529514,152.98356870909856,44.654113446967045
204,5.56005859375,100.0,0.0,155.0,0.0,376.0,0.0,114.22934310991961,-35.960806946816284,153.11731587066242,44.73085397429379
205,5.58984375,100.0,0.0,156.0,0.0,378.0,0.0,114.22934310991963,-35.96080694681633,153.11731587066242,44.73085397429378
206,5.60986328125,100.0,0.0,154.0,0.0,380.0,0.0,114.05613014729187,-35.92210545865186,153.1370440886987,44.68293759065728
207,5.639892578125,100.0,0.0,155.0,0.0,381.0,0.0,114.24267051130663,-35.98919990487937,153.31104486104084,44.620920990425546
208,5.669921875,100.0,0.0,154.0,0.0,378.0,0.0,112.87673259154964,-36.24113778784314,152.25019648360376,44.37114103164947
209,5.699951171875,100.0,0.0,154.0,0.0,379.0,0.0,112.87131867492346,-36.39117928196762,152.18769031878924,44.396890475749984
210,5.72998046875,100.0,0.0,155.0,0.0,378.0,0.0,112.87131867492346,-36.39117928196762,152.18769031878924,44.39689047574999
211,5.75,100.0,0.0,155.0,0.0,374.0,0.0,113.06847541320306,-36.188943124384835,152.18558008014196,44.398689502115126
212,5.780029296875,100.0,0.0,155.0,0.0,377.0,0.0,113.06374759711042,-36.391439207788004,152.4379694561776,44.35436208363678
213,5.81005859375,100.0,0.0,153.0,0.0,376.0,0.0,113.02805553827233,-36.238009918803215,152.46478353908364,44.3295852385665
214,5.83984375,100.0,0.0,156.0,0.0,380.0,0.0,113.06004043092582,-36.21163226296187,152.42998164102295,44.362898863321135
215,5.869873046875,100.0,0.0,155.0,0.0,380.0,0.0,112.97277590519789,-36.22320219617157,152.45481763263683,44.38254862843891
216,5.89990234375,100.0,0.0,154.0,0.0,377.0,0.0,113.02572076480818,-36.20903093716716,152.37894687122565,44.39379476449898
217,5.919921875,100.0,0.0,152.0,0.0,377.0,0.0,113.02572076480816,-36.20903093716713,152.37894687122565,44.393794764499
218,5.949951171875,100.0,0.0,155.0,0.0,377.0,0.0,113.01176965277395,-36.18094947778324,152.52120168208182,44.34983351001063
219,5.97998046875,100.0,0.0,154.0,0.0,379.0,0.0,112.84836463234336,-36.230737058347735,152.47225235706804,44.374346101909325
220,6.010009765625,100.0,0.0,153.0,0.0,378.0,0.0,113.01655682751269,-36.23822902660794,152.48316101181712,44.341759085279094
221,6.0400390625,100.0,0.0,153.0,0.0,376.0,0.0,113.04590358383629,-36.39547617497359,152.50761699762336,44.37837582201435
222,6.06005859375,100.0,0.0,156.0,0.0,379.0,0.0,112.99193851533786,-36.179824667769616,152.52951599984135,44.368402131872735
223,6.08984375,100.0,0.0,153.0,0.0,381.0,0.0,112.99193851533786,-36.1798246677696,152.52951599984135,44.368402131872735
224,6.119873046875,100.0,0.0,154.0,0.0,379.0,0.0,113.03623724070285,-36.408635019933485,152.53663258834712,44.358363380306066
225,6.14990234375,100.0,0.0,156.0,0.0,376.0,0.0,113.05187894619797,-36.21639020522298,152.6053293706916,44.312289681085616
226,6.179931640625,100.0,0.0,155.0,0.0,378.0,0.0,113.02168245102182,-36.24065875204417,152.60828158786885,44.32456610935711
227,6.199951171875,100.0,0.0,153.0,0.0,379.0,0.0,113.05376199025103,-36.18357074369538,152.5227459796713,44.40659852317664
228,6.22998046875,100.0,0.0,156.0,0.0,379.0,0.0,113.17444666417501,-35.97919013089956,152.81125938491388,44.49401271501932
229,6.260009765625,100.0,0.0,155.0,0.0,377.0,0.0,113.30891205874066,-35.9998225633257,152.83024563278553,44.47601373351531
230,6.2900390625,100.0,0.0,154.0,0.0,379.0,0.0,113.35077952684479,-35.92205316639164,152.83777012780388,44.45698376370113
231,6.320068359375,100.0,0.0,155.0,0.0,376.0,0.0,113.3507795268448,-35.92205316639168,152.83777012780388,44.45698376370112
232,6.33984375,100.0,0.0,155.0,0.0,378.0,0.0,113.35723025153699,-35.976309317822164,152.86054771146235,44.48102221427091
233,6.369873046875,100.0,0.0,156.0,0.0,379.0,0.0,113.34244967295729,-35.97096498970704,152.79985110420887,44.479908115935295
234,6.39990234375,100.0,0.0,154.0,0.0,379.0,0.0,113.38241698620162,-35.96916522537849,152.85655402963715,44.466420591600254
235,6.429931640625,100.0,0.0,156.0,0.0,381.0,0.0,113.36332483002441,-35.959843092994234,152.854656009028,44.445716791755274
236,6.4599609375,100.0,0.0,156.0,0.0,380.0,0.0,113.36332483002441,-35.95984309299426,152.854656009028,44.44571679175527
237,6.489990234375,100.0,0.0,154.0,0.0,380.0,0.0,113.19507554006594,-36.17275845480891,152.90514781132265,44.29555186969166
238,6.510009765625,100.0,0.0,153.0,0.0,378.0,0.0,113.3501069967599,-35.990600271431454,152.91078866381673,44.30157782127236
239,6.5400390625,100.0,0.0,156.0,0.0,381.0,0.0,113.14631326187987,-36.03791224652558,152.8734366077069,44.45267488366858
240,6.570068359375,100.0,0.0,155.0,0.0,382.0,0.0,113.34223979531181,-35.946216017060536,152.88711048376916,44.456576773925406
241,6.599853515625,100.0,0.0,154.0,0.0,378.0,0.0,113.1732611389183,-35.99701008325007,152.90550781298896,44.29606856630133
242,6.6298828125,100.0,0.0,156.0,0.0,379.0,0.0,113.1732611389183,-35.99701008325007,152.90550781298896,44.29606856630133
243,6.64990234375,100.0,0.0,156.0,0.0,380.0,0.0,113.37132683399828,-36.02867695193144,152.91957852660403,44.27039824054615
244,6.679931640625,100.0,0.0,154.0,0.0,381.0,0.0,113.37089832676372,-35.97946456772975,152.90064018127762,44.288252702144504
245,6.7099609375,100.0,0.0,152.0,0.0,382.0,0.0,113.35166642368716,-36.014761262405976,152.87618741828044,44.4343180778599
246,6.739990234375,100.0,0.0,155.0,0.0,379.0,0.0,113.33085774012974,-36.025974996165374,152.93810902809037,44.252161833712485
247,6.77001953125,100.0,0.0,155.0,0.0,381.0,0.0,113.33085774012974,-36.0259749961654,152.93810902809037,44.25216183371248
248,6.7900390625,100.0,0.0,153.0,0.0,383.0,0.0,113.43577461006957,-35.99700227314563,153.1129445953776,44.45487339976339
249,6.820068359375,100.0,0.0,155.0,0.0,379.0,0.0,113.43577461006957,-35.997002273145576,153.11294459537757,44.45487339976341
250,6.849853515625,100.0,0.0,156.0,0.0,377.0,0.0,113.46760483118761,-36.17004636724911,153.10579681899412,44.617456290869235
251,6.8798828125,100.0,0.0,158.0,0.0,378.0,0.0,113.27192687123292,-35.974418737585744,153.1240270385249,44.47986037327709
252,6.909912109375,100.0,0.0,155.0,0.0,380.0,0.0,113.47935413489039,-36.02338506250115,153.12265708218297,44.45417644727871
253,6.929931640625,100.0,0.0,156.0,0.0,380.0,0.0,113.42912664350371,-36.01257940742545,153.29865871285455,44.45174307609325
254,6.9599609375,100.0,0.0,155.0,0.0,379.0,0.0,113.2722754103575,-36.01043721216571,153.11856977365193,44.419316716678395
255,6.989990234375,100.0,0.0,153.0,0.0,379.0,0.0,113.2722754103575,-36.010437212165726,153.11856977365193,44.41931671667839
256,7.02001953125,100.0,0.0,155.0,0.0,379.0,0.0,113.43578404441645,-36.055691779827804,153.1118638661558,44.562666225143445
257,7.050048828125,100.0,0.0,155.0,0.0,379.0,0.0,113.4597729658547,-36.15603007743726,153.3059223029548,44.42934447445347
258,7.070068359375,100.0,0.0,154.0,0.0,380.0,0.0,113.24951957856442,-36.00820810425756,153.28289053351114,44.396536315551266
259,7.099853515625,100.0,0.0,153.0,0.0,378.0,0.0,113.43421669092551,-35.971905131549434,153.14595478154004,44.41088240534906
260,7.1298828125,100.0,0.0,155.0,0.0,382.0,0.0,113.25422344300324,-36.0376448959069,153.3419097676059,44.42499479913941
261,7.159912109375,100.0,0.0,155.0,0.0,383.0,0.0,113.25422344300324,-36.037644895906915,153.3419097676059,44.42499479913941
262,7.18994140625,100.0,0.0,154.0,0.0,381.0,0.0,113.44527048373591,-36.044581056510374,153.30924273483294,44.41848174605616
263,7.219970703125,100.0,0.0,154.0,0.0,379.0,0.0,113.39752704677024,-35.95995251812356,153.30240115509733,44.41143691285186
264,7.239990234375,100.0,0.0,156.0,0.0,379.0,0.0,113.40337959785016,-36.0191348553728,153.32045556436066,44.409332524133006
265,7.27001953125,100.0,0.0,154.0,0.0,380.0,0.0,113.42650204728443,-35.986434997406356,153.33817140663248,44.43009680773545
266,7.300048828125,100.0,0.0,154.0,0.0,379.0,0.0,113.44165924582929,-35.96676972133077,153.32958691263173,44.432242978868274
267,7.330078125,100.0,0.0,156.0,0.0,378.0,0.0,113.44165924582929,-35.96676972133077,153.32958691263173,44.432242978868274
268,7.35986328125,100.0,0.0,157.0,0.0,376.0,0.0,113.13739862986645,-35.89793138722555,153.15756371053843,44.40616852077765
269,7.3798828125,100.0,0.0,154.0,0.0,382.0,0.0,113.13739862986645,-35.89793138722552,153.15756371053843,44.40616852077765
270,7.409912109375,100.0,0.0,155.0,0.0,381.0,0.0,113.13507916349795,-35.89683855973524,153.10903145237359,44.38567114170729
271,7.43994140625,100.0,0.0,155.0,0.0,377.0,0.0,113.13507916349795,-35.89683855973525,153.10903145237359,44.38567114170729
272,7.469970703125,100.0,0.0,155.0,0.0,379.0,0.0,113.08245416164817,-35.93908727100596,153.1351358846565,44.404879167279674
273,7.5,100.0,0.0,154.0,0.0,381.0,0.0,113.12328727654763,-35.903818459596984,153.14487847388966,44.37961840299955
274,7.52001953125,100.0,0.0,156.0,0.0,382.0,0.0,113.14869666763893,-35.886577500146146,153.13521839049912,44.43488151137405
275,7.550048828125,100.0,0.0,156.0,0.0,378.0,0.0,113.14869666763893,-35.886577500146146,153.13521839049912,44.43488151137405
276,7.580078125,100.0,0.0,154.0,0.0,379.0,0.0,113.11695169121546,-35.88432459882064,153.13513588465653,44.40487916727966
277,7.60986328125,100.0,0.0,156.0,0.0,379.0,0.0,113.1165550034135,-35.90903078757226,153.135846424289,44.41937102758818
278,7.639892578125,100.0,0.0,156.0,0.0,381.0,0.0,113.1165550034135,-35.90903078757229,153.135846424289,44.41937102758818
279,7.659912109375,100.0,0.0,154.0,0.0,378.0,0.0,112.958232458162,-35.88010981793482,153.12951691155195,44.41391482497649
280,7.68994140625,100.0,0.0,154.0,0.0,380.0,0.0,112.958232458162,-35.88010981793482,153.12951691155195,44.41391482497649
281,7.719970703125,100.0,0.0,156.0,0.0,382.0,0.0,113.11373231425209,-35.92099038966948,153.12098215823335,44.39779166128097
282,7.75,100.0,0.0,155.0,0.0,379.0,0.0,113.13882194768752,-35.90711875539398,153.15756371053848,44.40616852077761
283,7.780029296875,100.0,0.0,153.0,0.0,379.0,0.0,113.14419243993083,-35.89269195119368,153.15116554403528,44.38507314345322
284,7.800048828125,100.0,0.0,155.0,0.0,378.0,0.0,113.11482687904103,-35.85918933603406,153.1370520798439,44.378039681417036
285,7.830078125,100.0,0.0,156.0,0.0,381.0,0.0,113.14419243993083,-35.89269195119368,153.17720892960716,44.40790156469761
286,7.85986328125,100.0,0.0,154.0,0.0,381.0,0.0,113.14419243993083,-35.892691951193655,153.17720892960713,44.407901564697625
287,7.889892578125,100.0,0.0,153.0,0.0,383.0,0.0,113.12957222968532,-35.864593189509044,153.17233919595836,44.39895624890529
288,7.919921875,100.0,0.0,156.0,0.0,382.0,0.0,114.61766806624988,-35.875931815554225,154.44264344471011,44.139413761116714
289,7.949951171875,100.0,0.0,157.0,0.0,381.0,0.0,114.61766806624988,-35.87593181555426,154.44264344471011,44.139413761116714
290,7.969970703125,100.0,0.0,154.0,0.0,382.0,0.0,114.78347118728958,-35.92254537672385,154.39114806405934,44.150497493920454
291,8.0,100.0,0.0,155.0,0.0,379.0,0.0,114.76634945047337,-35.92646149054797,154.36508344057523,44.171009977673734
292,8.030029296875,100.0,0.0,156.0,0.0,381.0,0.0,114.76634945047337,-35.926461490547986,154.36508344057526,44.17100997767373
293,8.06005859375,100.0,0.0,156.0,0.0,381.0,0.0,114.79371332523107,-35.876835409552534,154.37519468583713,44.17013315062046
294,8.08984375,100.0,0.0,154.0,0.0,381.0,0.0,114.80493617689115,-35.861029026519034,154.39675922549077,44.15713923254518
295,8.10986328125,100.0,0.0,155.0,0.0,382.0,0.0,114.80854916988316,-35.900293363670364,154.41144411665036,44.150003371740276
296,8.139892578125,100.0,0.0,156.0,0.0,378.0,0.0,114.78647925151998,-35.89222911553554,154.57282023598552,44.14964729157138
297,8.169921875,100.0,0.0,153.0,0.0,381.0,0.0,114.78647925151998,-35.89222911553554,154.57282023598552,44.14964729157138
298,8.199951171875,100.0,0.0,155.0,0.0,382.0,0.0,114.81196912036741,-35.92239213959232,154.46076869193288,44.19367909520372
299,8.22998046875,100.0,0.0,156.0,0.0,381.0,0.0,114.76731263382383,-35.90962442119838,154.42805769413314,44.12974300799148
300,8.25,100.0,0.0,154.0,0.0,378.0,0.0,114.73572230378721,-35.89182032811202,154.6103757072894,44.145612055694045
301,8.280029296875,100.0,0.0,153.0,0.0,378.0,0.0,114.60470897887562,-35.89614612049887,154.43164501695753,44.166221840027525
302,8.31005859375,100.0,0.0,156.0,0.0,381.0,0.0,114.80820378527193,-35.92883957040769,154.434731606993,44.1247569041235
303,8.33984375,100.0,0.0,155.0,0.0,379.0,0.0,114.76750180620814,-35.90589436161035,154.42561899959185,44.155909111305114
304,8.369873046875,100.0,0.0,154.0,0.0,380.0,0.0,114.74360621727523,-35.937572967613434,154.3967592254908,44.15713923254516
305,8.389892578125,100.0,0.0,153.0,0.0,380.0,0.0,114.74360621727523,-35.937572967613434,154.3967592254908,44.15713923254516
306,8.419921875,100.0,0.0,158.0,0.0,382.0,0.0,114.80811805638768,-35.88101514827289,154.4114441166504,44.15000337174026
307,8.449951171875,100.0,0.0,154.0,0.0,382.0,0.0,114.79381836850867,-35.87780942272019,154.4549291138905,44.141058972851326
308,8.47998046875,100.0,0.0,154.0,0.0,381.0,0.0,114.00268626827521,-36.04732288823192,154.1965709124163,45.24229064600097
309,8.510009765625,100.0,0.0,156.0,0.0,380.0,0.0,114.01675360476548,-35.98743812265373,154.17517850648034,45.23757501510935
310,8.530029296875,100.0,0.0,156.0,0.0,384.0,0.0,114.18921662548078,-35.99175311409108,154.19627377849616,45.238436106300476
311,8.56005859375,100.0,0.0,154.0,0.0,384.0,0.0,113.99306747044415,-36.02393707566567,154.37639056008712,45.233983071083685
312,8.58984375,100.0,0.0,154.0,0.0,381.0,0.0,113.99306747044415,-36.02393707566564,154.37639056008712,45.23398307108369
313,8.619873046875,100.0,0.0,155.0,0.0,382.0,0.0,114.15508548724056,-36.024678589322555,154.40129929799488,45.20759882367838
314,8.64990234375,100.0,0.0,155.0,0.0,382.0,0.0,114.01675360476548,-35.9874381226537,154.36574332012145,45.248220198090266
315,8.679931640625,100.0,0.0,153.0,0.0,382.0,0.0,114.14605100533964,-36.0123569532856,154.35905870668887,45.253367402412316
316,8.699951171875,100.0,0.0,156.0,0.0,382.0,0.0,114.18819830341019,-36.00078147686748,154.20225975288574,45.248977545841356
317,8.72998046875,100.0,0.0,156.0,0.0,376.0,0.0,114.18819830341019,-36.00078147686748,154.20225975288574,45.248977545841356
318,8.760009765625,100.0,0.0,154.0,0.0,380.0,0.0,114.17080929512245,-36.01026975765734,154.1997018449269,45.275335629490144
319,8.7900390625,100.0,0.0,156.0,0.0,384.0,0.0,114.12859456942971,-36.0406689302939,154.34147153132682,45.27418245026032
320,8.820068359375,100.0,0.0,155.0,0.0,381.0,0.0,114.15644654628997,-35.991038361187556,154.19302091574767,45.28040865322101
321,8.83984375,100.0,0.0,154.0,0.0,383.0,0.0,114.153204962161,-35.997801815830265,154.39760611472104,45.216857417335845
322,8.869873046875,100.0,0.0,153.0,0.0,383.0,0.0,114.20301566874893,-35.999433979872336,154.37605351794474,45.23389671232159
323,8.89990234375,100.0,0.0,156.0,0.0,383.0,0.0,114.15345507097882,-36.04822278734983,154.3873604949368,45.23307880626562
324,8.929931640625,100.0,0.0,156.0,0.0,385.0,0.0,114.15345507097881,-36.048222787349815,154.3873604949368,45.233078806265624
325,8.9599609375,100.0,0.0,154.0,0.0,381.0,0.0,113.96892634798506,-36.02469651931935,154.1880034544426,45.24188432867532
326,8.97998046875,100.0,0.0,153.0,0.0,379.0,0.0,114.153204962161,-35.99780181583025,154.21042364180843,45.261324056665245
327,9.010009765625,100.0,0.0,157.0,0.0,381.0,0.0,114.17372738288144,-35.99749983652406,154.210901690061,45.24819003381848
328,9.0400390625,100.0,0.0,155.0,0.0,382.0,0.0,113.71998946115623,-35.788768755943494,153.74897487552363,44.52701436562978
329,9.070068359375,100.0,0.0,155.0,0.0,383.0,0.0,113.71998946115623,-35.788768755943494,153.74897487552363,44.52701436562978
330,9.099853515625,100.0,0.0,155.0,0.0,381.0,0.0,113.68699443031284,-35.76917823516032,153.75458378670282,44.474829511323165
331,9.119873046875,100.0,0.0,157.0,0.0,385.0,0.0,113.68699443031284,-35.76917823516032,153.75458378670282,44.474829511323165
332,9.14990234375,100.0,0.0,154.0,0.0,383.0,0.0,113.7311611037306,-35.77580552041843,153.73380180638893,44.50319220899453
333,9.179931640625,100.0,0.0,155.0,0.0,383.0,0.0,113.70683628390142,-35.812792080989325,153.74437124431805,44.48905403484193
334,9.2099609375,100.0,0.0,156.0,0.0,381.0,0.0,113.72485739747117,-35.78230966563007,153.73440065269466,44.45810220980486
335,9.239990234375,100.0,0.0,156.0,0.0,382.0,0.0,113.68444915938682,-35.794703578658115,153.7868578932994,44.457071699509186
336,9.260009765625,100.0,0.0,155.0,0.0,386.0,0.0,113.68444915938682,-35.794703578658115,153.7868578932994,44.457071699509186
337,9.2900390625,100.0,0.0,157.0,0.0,383.0,0.0,113.72320962644804,-35.75715069459557,153.74403549410312,44.48896848712864
338,9.320068359375,100.0,0.0,156.0,0.0,381.0,0.0,113.7415452013407,-35.79868636143325,153.76550316668022,44.47393659311105
339,9.349853515625,100.0,0.0,154.0,0.0,384.0,0.0,113.71683081692852,-35.77254062155288,153.7868578932994,44.45707169950918
340,9.3798828125,100.0,0.0,156.0,0.0,386.0,0.0,113.67840857901267,-35.800059253514995,153.7691130395812,44.462850475145935
341,9.409912109375,100.0,0.0,156.0,0.0,382.0,0.0,113.54712653064526,-35.75565149651183,153.79715796973056,44.442787072698614
342,9.429931640625,100.0,0.0,155.0,0.0,383.0,0.0,113.73724107105377,-35.755901627446804,153.74437124431807,44.48905403484193
343,9.4599609375,100.0,0.0,153.0,0.0,381.0,0.0,113.73724107105377,-35.75590162744682,153.74437124431807,44.48905403484192
344,9.489990234375,100.0,0.0,157.0,0.0,384.0,0.0,113.73847570412234,-35.78983909333817,153.77073316953528,44.50813553834281
345,9.52001953125,100.0,0.0,156.0,0.0,384.0,0.0,113.67665636765537,-35.78310621554367,153.79715796973056,44.44278707269861
346,9.550048828125,100.0,0.0,155.0,0.0,383.0,0.0,113.70876983631854,-35.81027940200388,153.6173948155296,44.481257067378415
347,9.570068359375,100.0,0.0,153.0,0.0,380.0,0.0,113.73499647860669,-35.81738405551616,153.77573509829932,44.45775770346243
348,9.599853515625,100.0,0.0,156.0,0.0,384.0,0.0,113.73828945806567,-36.08854423628145,153.90728424238313,44.482909197793106
349,9.6298828125,100.0,0.0,155.0,0.0,385.0,0.0,113.73828945806567,-36.08854423628145,153.90728424238313,44.482909197793106
350,9.659912109375,100.0,0.0,154.0,0.0,383.0,0.0,113.74860882721032,-36.09226422088528,153.91780834877954,44.468788543038215
351,9.68994140625,100.0,0.0,157.0,0.0,379.0,0.0,113.74860882721032,-36.09226422088528,153.91780834877954,44.46878854303822
352,9.7099609375,100.0,0.0,155.0,0.0,382.0,0.0,113.60449612824475,-36.07030032655251,153.90748817154403,44.4831061460327
353,9.739990234375,100.0,0.0,154.0,0.0,385.0,0.0,113.79116564021285,-36.047470618745976,153.69137687196195,44.53015318107231
354,9.77001953125,100.0,0.0,154.0,0.0,383.0,0.0,113.79545284127789,-36.04022466394211,153.88576089005238,44.497974012357176
355,9.800048828125,100.0,0.0,155.0,0.0,382.0,0.0,113.78219359410343,-36.06000774672433,153.91780834877954,44.46878854303822
356,9.830078125,100.0,0.0,155.0,0.0,384.0,0.0,113.78219359410343,-36.06000774672433,153.91780834877954,44.46878854303822
357,9.85986328125,100.0,0.0,154.0,0.0,381.0,0.0,113.7597494950313,-36.046079810734,153.9254009818012,44.462601829166275
358,9.8798828125,100.0,0.0,156.0,0.0,384.0,0.0,113.73151596006157,-36.046745610021546,153.77323603815387,44.30417655148265
359,9.909912109375,100.0,0.0,156.0,0.0,383.0,0.0,113.75801216503109,-36.079065242206504,153.907488171544,44.48310614603271
360,9.93994140625,100.0,0.0,154.0,0.0,384.0,0.0,113.75801216503109,-36.079065242206504,153.907488171544,44.48310614603271
361,9.969970703125,100.0,0.0,156.0,0.0,385.0,0.0,113.59720486548882,-36.04901311034559,153.935720768846,44.44829466842387
362,9.989990234375,100.0,0.0,155.0,0.0,386.0,0.0,113.59720486548882,-36.04901311034559,153.935720768846,44.44829466842387
363,10.02001953125,100.0,0.0,155.0,0.0,384.0,0.0,113.77995544425265,-36.044913402280635,153.907488171544,44.48310614603271
364,10.050048828125,100.0,0.0,153.0,0.0,384.0,0.0,113.78142633993407,-36.094648527031985,153.9254009818012,44.46260182916628
365,10.080078125,100.0,0.0,156.0,0.0,385.0,0.0,113.79518471556526,-36.09764178765415,153.935720768846,44.44829466842386
366,10.10986328125,100.0,0.0,156.0,0.0,384.0,0.0,113.7779452672731,-36.067184948562804,153.8963512448674,44.48379259509342
367,10.139892578125,100.0,0.0,154.0,0.0,384.0,0.0,113.75900809785121,-36.07014626338986,153.91780834877954,44.468788543038215
368,10.159912109375,100.0,0.0,153.0,0.0,382.0,0.0,113.49748981882723,-35.9488908313042,153.62833481942818,44.5785291184877
369,10.18994140625,100.0,0.0,157.0,0.0,384.0,0.0,113.46004113025927,-36.00727633454872,153.62489879894716,44.57293585150029
370,10.219970703125,100.0,0.0,154.0,0.0,386.0,0.0,113.46004113025927,-36.00727633454869,153.62489879894713,44.572935851500304
371,10.25,100.0,0.0,154.0,0.0,387.0,0.0,113.49710442567257,-35.94337330282114,153.64810142364962,44.596837449273636
372,10.280029296875,100.0,0.0,156.0,0.0,382.0,0.0,113.44467727237307,-36.031020479366795,153.6359374491209,44.57233867367771
373,10.300048828125,100.0,0.0,156.0,0.0,386.0,0.0,113.46891347924812,-35.94035000015536,153.64810142364962,44.596837449273636
374,10.330078125,100.0,0.0,154.0,0.0,386.0,0.0,113.46891347924812,-35.94035000015535,153.64810142364962,44.59683744927364
375,10.35986328125,100.0,0.0,155.0,0.0,384.0,0.0,113.44702814642628,-36.01675127780658,153.6462727752357,44.558023731979205
376,10.389892578125,100.0,0.0,156.0,0.0,383.0,0.0,113.45759766278428,-35.96197432707704,153.62833481942818,44.57852911848771
377,10.419921875,100.0,0.0,156.0,0.0,383.0,0.0,113.45338869930862,-35.979686903039585,153.6462727752357,44.558023731979205
378,10.43994140625,100.0,0.0,154.0,0.0,382.0,0.0,113.27582621379473,-36.007911430338716,153.62833481942818,44.57852911848771
379,10.469970703125,100.0,0.0,155.0,0.0,382.0,0.0,113.45243993282193,-36.002189302314996,153.6481014236496,44.59683744927366
380,10.5,100.0,0.0,156.0,0.0,382.0,0.0,113.43189567305713,-35.979230870263535,153.63487908508523,44.57272256636279
381,10.530029296875,100.0,0.0,155.0,0.0,381.0,0.0,113.43189567305713,-35.979230870263535,153.63487908508523,44.57272256636279
382,10.56005859375,100.0,0.0,156.0,0.0,385.0,0.0,113.4974898188272,-35.94889083130414,153.6528175383532,44.55220661237
383,10.58984375,100.0,0.0,156.0,0.0,380.0,0.0,113.46257039464687,-35.93196785483668,153.62233290357386,44.57180079641366
384,10.60986328125,100.0,0.0,156.0,0.0,379.0,0.0,113.47980116295227,-35.976412063298554,153.65468819362678,44.591032410304415
385,10.639892578125,100.0,0.0,153.0,0.0,381.0,0.0,113.45424886987443,-36.00967771792472,153.62661309111542,44.611935086211204
386,10.669921875,100.0,0.0,156.0,0.0,385.0,0.0,113.5266475634426,-35.96312285295185,153.6557238982319,44.41378121847309
387,10.699951171875,100.0,0.0,156.0,0.0,384.0,0.0,113.5266475634426,-35.963122852951834,153.6557238982319,44.4137812184731
388,10.719970703125,100.0,0.0,154.0,0.0,384.0,0.0,113.53423787490598,-35.78168275216397,153.7585655777886,44.33275216738904
389,10.75,100.0,0.0,153.0,0.0,382.0,0.0,113.53423787490597,-35.78168275216394,153.75856557778857,44.33275216738904
390,10.780029296875,100.0,0.0,156.0,0.0,383.0,0.0,113.56665551434641,-35.80847557607999,153.71567705598883,44.505324053800365
391,10.81005859375,100.0,0.0,154.0,0.0,384.0,0.0,113.58742411147838,-35.80182432608758,153.71567705598883,44.505324053800365
392,10.83984375,100.0,0.0,153.0,0.0,380.0,0.0,113.59460578708516,-35.814160132808695,153.71567705598883,44.505324053800365
393,10.869873046875,100.0,0.0,155.0,0.0,382.0,0.0,113.51725505319638,-35.828184779566826,153.71567705598883,44.505324053800365
394,10.889892578125,100.0,0.0,157.0,0.0,384.0,0.0,113.51725505319638,-35.82818477956681,153.71567705598883,44.505324053800365
395,10.919921875,100.0,0.0,154.0,0.0,385.0,0.0,113.55483283075614,-36.01712893330027,153.72374001175137,44.336785012522746
396,10.949951171875,100.0,0.0,154.0,0.0,384.0,0.0,113.57376725563995,-35.7942127915009,153.75991242240335,44.49720203199301
397,10.97998046875,100.0,0.0,157.0,0.0,384.0,0.0,113.57663960873214,-35.80383826974745,153.7401019017734,44.47902957765075
398,11.010009765625,100.0,0.0,155.0,0.0,382.0,0.0,113.35643612869808,-35.873572531900884,153.73544099732584,44.523589624247165
399,11.030029296875,100.0,0.0,153.0,0.0,384.0,0.0,113.35643612869809,-35.8735725319009,153.73544099732587,44.52358962424715
400,11.06005859375,100.0,0.0,155.0,0.0,384.0,0.0,113.54104013812096,-35.80127186438091,153.72342343573237,44.34580269090527
401,11.08984375,100.0,0.0,156.0,0.0,385.0,0.0,113.54047062932378,-35.8011269418266,153.73357125213417,44.484841219352674
402,11.119873046875,100.0,0.0,154.0,0.0,383.0,0.0,113.56298810280886,-36.012174127351926,153.74768589707872,44.31127287455686
403,11.14990234375,100.0,0.0,155.0,0.0,385.0,0.0,113.39961308219357,-35.796047070611046,153.7401372195513,44.47919918374518
404,11.169921875,100.0,0.0,156.0,0.0,384.0,0.0,113.59169458973375,-35.83494580399129,153.71567705598886,44.505324053800365
405,11.199951171875,100.0,0.0,156.0,0.0,383.0,0.0,113.58994768798861,-36.001476898301085,153.73357125213414,44.48484121935269
406,11.22998046875,100.0,0.0,154.0,0.0,384.0,0.0,113.54892494734116,-35.81199561178355,153.74768589707872,44.31127287455686
407,11.260009765625,100.0,0.0,157.0,0.0,387.0,0.0,113.53498975630754,-35.86832258250765,153.71567705598883,44.505324053800365
408,11.2900390625,100.0,0.0,156.0,0.0,384.0,0.0,113.89202296545616,-35.63140464291925,153.93309587925464,44.60155319888199
409,11.31005859375,100.0,0.0,154.0,0.0,388.0,0.0,113.8499322756143,-35.65176531073039,153.9312548030264,44.56286006461453
410,11.33984375,100.0,0.0,152.0,0.0,383.0,0.0,113.8499322756143,-35.651765310730376,153.9312548030264,44.56286006461454
411,11.369873046875,100.0,0.0,156.0,0.0,385.0,0.0,113.89360783970584,-35.828245519955466,153.9147955195293,44.42984754549799
412,11.39990234375,100.0,0.0,155.0,0.0,385.0,0.0,113.89360783970584,-35.82824551995548,153.91479551952932,44.429847545497985
413,11.429931640625,100.0,0.0,155.0,0.0,386.0,0.0,113.71581601326959,-35.632519463897495,153.92526486210824,44.556181527241634
414,11.4599609375,100.0,0.0,156.0,0.0,385.0,0.0,113.66443586318081,-35.66911185627455,153.9396620679015,44.59576932908571
415,11.47998046875,100.0,0.0,156.0,0.0,385.0,0.0,113.87733758622318,-35.63718030969939,153.91989880639733,44.57750770151419
416,11.510009765625,100.0,0.0,155.0,0.0,385.0,0.0,113.89387471260356,-35.60884567753688,153.93309587925464,44.601553198881994
417,11.5400390625,100.0,0.0,154.0,0.0,384.0,0.0,113.83881161464316,-35.65088884288025,153.91337500633946,44.583293096190154
418,11.570068359375,100.0,0.0,156.0,0.0,382.0,0.0,113.86118852732044,-35.62750628046761,153.9462665666955,44.590081399865824
419,11.599853515625,100.0,0.0,156.0,0.0,383.0,0.0,113.86118852732045,-35.62750628046762,153.9462665666955,44.590081399865824
420,11.619873046875,100.0,0.0,153.0,0.0,384.0,0.0,113.87761570594583,-35.64979792395543,153.93777909067805,44.55706413951468
421,11.64990234375,100.0,0.0,156.0,0.0,385.0,0.0,113.87804443236287,-35.66587731191011,153.93904287395526,44.39539538069083
422,11.679931640625,100.0,0.0,156.0,0.0,385.0,0.0,113.84708444013,-35.65046969886552,153.9469013411845,44.380726352052804
423,11.7099609375,100.0,0.0,154.0,0.0,386.0,0.0,113.87691584083066,-35.635147653048676,153.95820387996304,44.42177803260213
424,11.739990234375,100.0,0.0,155.0,0.0,384.0,0.0,113.70903476674853,-35.67630868819711,153.95754652745595,44.57523131048657
425,11.760009765625,100.0,0.0,155.0,0.0,385.0,0.0,113.86022724969507,-35.6307889781181,153.95754068533137,44.57536770150362
426,11.7900390625,100.0,0.0,156.0,0.0,382.0,0.0,113.86022724969507,-35.6307889781181,153.95754068533137,44.57536770150362
427,11.820068359375,100.0,0.0,153.0,0.0,382.0,0.0,113.87512365144886,-35.68732625823584,153.9396620679015,44.59576932908571
428,11.849853515625,100.0,0.0,156.0,0.0,385.0,0.0,113.33424745773611,-35.92200940970186,153.64008140999772,43.97104403325831
429,11.8798828125,100.0,0.0,156.0,0.0,386.0,0.0,113.33424745773611,-35.92200940970182,153.6400814099977,43.97104403325832
430,11.909912109375,100.0,0.0,154.0,0.0,385.0,0.0,113.3727048243882,-35.886313664542584,153.65984856848837,43.989164509110296
431,11.929931640625,100.0,0.0,153.0,0.0,382.0,0.0,113.50811845641863,-35.905940277521275,153.6664070754552,43.98338335115482
432,11.9599609375,100.0,0.0,157.0,0.0,385.0,0.0,113.35281127850743,-35.92087438445316,153.68123444881724,43.800560538918546
433,11.989990234375,100.0,0.0,154.0,0.0,385.0,0.0,113.55554175160225,-35.87142196077329,153.64659793405093,43.96525090619191
434,12.02001953125,100.0,0.0,154.0,0.0,386.0,0.0,113.55554175160225,-35.87142196077329,153.64659793405093,43.965250906191905
435,12.0400390625,100.0,0.0,156.0,0.0,384.0,0.0,113.54595027906367,-35.9369902393984,153.64756716498945,43.80377757822331
436,12.070068359375,100.0,0.0,156.0,0.0,385.0,0.0,113.53969289298526,-35.946582521432006,153.64756716498948,43.803777578223304
437,12.099853515625,100.0,0.0,154.0,0.0,388.0,0.0,113.54911308589297,-35.8857428461756,153.66640147982946,43.98351958112279
438,12.1298828125,100.0,0.0,154.0,0.0,384.0,0.0,113.54911308589297,-35.8857428461756,153.66640147982946,43.98351958112279
439,12.159912109375,100.0,0.0,156.0,0.0,382.0,0.0,113.58951171311284,-36.07308967636247,153.65934082392562,43.81355481615569
440,12.18994140625,100.0,0.0,156.0,0.0,382.0,0.0,113.50733736238666,-35.94586793941056,153.64008140999772,43.971044033258316
441,12.2099609375,100.0,0.0,154.0,0.0,385.0,0.0,113.49798405001505,-35.904081812408165,153.64179342511773,43.832799867257506
442,12.239990234375,100.0,0.0,156.0,0.0,384.0,0.0,113.52631339319167,-35.88260185355948,153.66181410163605,43.783292872825704
443,12.27001953125,100.0,0.0,156.0,0.0,384.0,0.0,113.51225002140811,-35.9150881219807,153.6734175026625,43.815290961819805
444,12.300048828125,100.0,0.0,155.0,0.0,385.0,0.0,113.51225002140812,-35.915088121980716,153.67341750266252,43.8152909618198
445,12.320068359375,100.0,0.0,155.0,0.0,386.0,0.0,113.482276367413,-35.94084962735525,153.64659793405093,43.9652509061919
446,12.349853515625,100.0,0.0,155.0,0.0,387.0,0.0,113.49424110906445,-35.91756537143278,153.67079120576446,43.76871893692258
447,12.3798828125,100.0,0.0,155.0,0.0,386.0,0.0,113.54844287797215,-35.88561643435864,153.66028258978798,43.827807875462135
448,12.409912109375,100.0,0.0,154.0,0.0,386.0,0.0,113.5879703857261,-35.64216667940043,153.82173374161727,44.648030109681095
449,12.43994140625,100.0,0.0,156.0,0.0,387.0,0.0,113.62819175375196,-35.625730716325194,153.81559762283476,44.795700512380016
450,12.469970703125,100.0,0.0,156.0,0.0,386.0,0.0,113.62819175375196,-35.62573071632515,153.81559762283473,44.79570051238004
451,12.489990234375,100.0,0.0,154.0,0.0,385.0,0.0,113.45845834506936,-35.62559608015976,153.7957920656432,44.77755100815718
452,12.52001953125,100.0,0.0,153.0,0.0,384.0,0.0,113.4276593918783,-35.63772704128271,153.8090244553805,44.80137460305522
453,12.550048828125,100.0,0.0,156.0,0.0,388.0,0.0,113.64353513098696,-35.6008848709731,153.7647707321465,44.80948248378418
454,12.580078125,100.0,0.0,155.0,0.0,386.0,0.0,113.60185644738628,-35.623731826022336,153.80244589754534,44.80717484356653
455,12.60986328125,100.0,0.0,154.0,0.0,384.0,0.0,113.45934032154697,-35.616501960548774,153.80901859912547,44.80151127992661
456,12.639892578125,100.0,0.0,155.0,0.0,382.0,0.0,113.45934032154699,-35.61650196054879,153.80901859912547,44.80151127992661
457,12.659912109375,100.0,0.0,156.0,0.0,384.0,0.0,113.60760703392764,-35.59289268315934,153.8306458727435,44.612555763668034
458,12.68994140625,100.0,0.0,154.0,0.0,384.0,0.0,113.60870923166014,-35.61702382126671,153.7977231948373,44.8162629050495
459,12.719970703125,100.0,0.0,152.0,0.0,389.0,0.0,113.63408099474778,-35.61410516981253,153.81635666478178,44.632729764282594
460,12.75,100.0,0.0,155.0,0.0,385.0,0.0,113.61333150853827,-35.60119599402487,153.8217337416172,44.64803010968114
461,12.77001953125,100.0,0.0,156.0,0.0,385.0,0.0,113.61398864577932,-35.63002301146651,153.79579206564316,44.77755100815722
462,12.800048828125,100.0,0.0,154.0,0.0,386.0,0.0,113.58371720461282,-35.65783569722662,153.79579206564313,44.777551008157225
463,12.830078125,100.0,0.0,156.0,0.0,383.0,0.0,113.44332613392011,-35.65386176163615,153.7779222756531,44.7980082396548
464,12.85986328125,100.0,0.0,155.0,0.0,387.0,0.0,113.44332613392012,-35.65386176163612,153.77792227565308,44.798008239654806
465,12.889892578125,100.0,0.0,155.0,0.0,387.0,0.0,113.63378082857119,-35.615378119904,153.8101148565721,44.61579834528668
466,12.919921875,100.0,0.0,155.0,0.0,387.0,0.0,113.44911910212913,-35.639042919476594,153.79110629855757,44.82196699085668
467,12.93994140625,100.0,0.0,155.0,0.0,388.0,0.0,113.6473799148555,-35.64262869304141,153.82421210565053,44.61795071042055
468,12.969970703125,100.0,0.0,156.0,0.0,386.0,0.0,113.84455487394666,-35.989251745060336,153.92290019257342,44.152861239081936
469,13.0,100.0,0.0,153.0,0.0,384.0,0.0,113.65167436642696,-35.991589815420646,153.90312700109882,44.13470291076449
470,13.030029296875,100.0,0.0,157.0,0.0,384.0,0.0,113.65167436642696,-35.99158981542066,153.90312700109882,44.13470291076448
471,13.06005859375,100.0,0.0,156.0,0.0,388.0,0.0,113.84053136899917,-36.16851579127456,153.9469957933511,43.955277328549585
472,13.080078125,100.0,0.0,154.0,0.0,385.0,0.0,113.67686800572308,-36.142506749618974,153.92372301583978,43.990474205249384
473,13.10986328125,100.0,0.0,155.0,0.0,384.0,0.0,113.8464823232853,-35.95700654434397,153.91861220714142,43.95261646529984
474,13.139892578125,100.0,0.0,156.0,0.0,384.0,0.0,113.84547426132553,-35.96589041351635,153.92945930153948,44.147205603616406
475,13.169921875,100.0,0.0,155.0,0.0,386.0,0.0,113.69725750482313,-36.12799328192737,153.91265854992463,44.004348901809394
476,13.199951171875,100.0,0.0,154.0,0.0,385.0,0.0,113.69725750482313,-36.12799328192737,153.91265854992463,44.004348901809394
477,13.219970703125,100.0,0.0,155.0,0.0,384.0,0.0,113.83607636000731,-35.979040607226096,153.9294593015395,44.147205603616406
478,13.25,100.0,0.0,157.0,0.0,385.0,0.0,113.86585716427959,-35.94927544604391,153.90312700109888,44.13470291076445
479,13.280029296875,100.0,0.0,155.0,0.0,385.0,0.0,113.81877846314168,-35.98953393820523,153.90113694344683,43.97215231183517
480,13.31005859375,100.0,0.0,153.0,0.0,385.0,0.0,113.82188118396375,-36.02209951341193,153.9116248223014,44.167704894584574
481,13.33984375,100.0,0.0,156.0,0.0,385.0,0.0,113.85978898653424,-35.96576365428069,153.9294593015395,44.147205603616406
482,13.369873046875,100.0,0.0,155.0,0.0,389.0,0.0,113.85978898653424,-35.96576365428069,153.9294593015395,44.147205603616406
483,13.389892578125,100.0,0.0,153.0,0.0,388.0,0.0,113.88388760541272,-35.988625268886445,153.95339378737594,43.949920266063685
484,13.419921875,100.0,0.0,156.0,0.0,385.0,0.0,113.67502972468837,-36.007454785918945,153.9215102280079,44.13220436549522
485,13.449951171875,100.0,0.0,155.0,0.0,385.0,0.0,113.84230128696274,-36.13599945329208,153.94979359336253,43.979723778413394
486,13.47998046875,100.0,0.0,154.0,0.0,384.0,0.0,113.83898415519391,-35.980333646682226,153.97410144462896,43.934155595809614
487,13.5,100.0,0.0,156.0,0.0,386.0,0.0,113.86079890881022,-35.9602713822998,153.9366042960568,43.979248615480905
488,13.530029296875,100.0,0.0,156.0,0.0,386.0,0.0,113.2135011249369,-35.39715134813542,153.5175421476506,44.71283850553026
489,13.56005859375,100.0,0.0,155.0,0.0,384.0,0.0,113.205824778761,-35.37744136267781,153.49908319348864,44.69883877722196
490,13.58984375,100.0,0.0,153.0,0.0,383.0,0.0,113.20582477876101,-35.377441362677835,153.49908319348867,44.69883877722195
491,13.619873046875,100.0,0.0,156.0,0.0,386.0,0.0,113.0577876213391,-35.38649139898004,153.52001139232812,44.68325622944291
492,13.64990234375,100.0,0.0,155.0,0.0,386.0,0.0,113.17660469112252,-35.424876632564185,153.55521590076694,44.66784471789266
493,13.669921875,100.0,0.0,154.0,0.0,385.0,0.0,113.1930216098506,-35.39303454500411,153.49126072317335,44.71360509181694
494,13.699951171875,100.0,0.0,156.0,0.0,386.0,0.0,113.22702335269932,-35.36742866871908,153.49908319348867,44.69883877722194
495,13.72998046875,100.0,0.0,157.0,0.0,389.0,0.0,113.22702335269933,-35.36742866871912,153.49908319348867,44.69883877722194
496,13.760009765625,100.0,0.0,155.0,0.0,388.0,0.0,113.17986954441832,-35.41816803148333,153.48422328129647,44.88197296055139
497,13.7900390625,100.0,0.0,154.0,0.0,386.0,0.0,113.03820473579401,-35.42240981215322,153.52001139232812,44.68325622944291
498,13.81005859375,100.0,0.0,156.0,0.0,384.0,0.0,113.1854572697025,-35.38538210791369,153.48469647591327,44.66877636643301
499,13.83984375,100.0,0.0,155.0,0.0,387.0,0.0,113.21016267959808,-35.42785025269388,153.4990831934887,44.69883877722192
500,13.869873046875,100.0,0.0,154.0,0.0,386.0,0.0,113.19439227798588,-35.378029002315806,153.47683160305337,44.68354122243913
501,13.89990234375,100.0,0.0,155.0,0.0,387.0,0.0,113.19439227798588,-35.37802900231581,153.47683160305337,44.683541222439125
502,13.929931640625,100.0,0.0,156.0,0.0,384.0,0.0,113.19727506308124,-35.53497397580957,153.50557019891284,44.86654229185279
503,13.9599609375,100.0,0.0,154.0,0.0,384.0,0.0,113.23100298852876,-35.59393668685508,153.49428489519315,44.69922249460522
504,13.97998046875,100.0,0.0,154.0,0.0,386.0,0.0,113.02420491837198,-35.6100111942852,153.50448342184688,44.71405626966546
505,14.010009765625,100.0,0.0,155.0,0.0,386.0,0.0,113.0447648145696,-35.40675345351041,153.51989722784617,44.68293650950328
506,14.0400390625,100.0,0.0,156.0,0.0,385.0,0.0,113.16125516082523,-35.41818814470135,153.4842232812965,44.88197296055137
507,14.070068359375,100.0,0.0,157.0,0.0,385.0,0.0,113.18435910681683,-35.41971637229206,153.49908319348873,44.69883877722191
508,14.099853515625,100.0,0.0,156.0,0.0,388.0,0.0,113.46146185194858,-35.56555049127786,153.62931437439417,44.33758455681925
509,14.119873046875,100.0,0.0,156.0,0.0,386.0,0.0,113.4614618519486,-35.565550491277875,153.6293143743942,44.33758455681925
510,14.14990234375,100.0,0.0,154.0,0.0,387.0,0.0,113.48894857785815,-35.54991992533267,153.61954530778894,44.306855071399134
511,14.179931640625,100.0,0.0,153.0,0.0,384.0,0.0,113.47403586919354,-35.50938754110436,153.56508520160455,44.32543682783166
512,14.2099609375,100.0,0.0,156.0,0.0,386.0,0.0,113.33325286820994,-35.539676959875514,153.64044211475613,44.29134656859873
513,14.22998046875,100.0,0.0,156.0,0.0,389.0,0.0,113.44688110090604,-35.600947796561066,153.59094603645445,44.337398625330984
514,14.260009765625,100.0,0.0,153.0,0.0,387.0,0.0,113.44688110090604,-35.60094779656105,153.59094603645443,44.337398625331
515,14.2900390625,100.0,0.0,155.0,0.0,385.0,0.0,113.51686318345921,-35.52452043465611,153.59876238903246,44.32268256385118
516,14.320068359375,100.0,0.0,157.0,0.0,388.0,0.0,113.4816693891181,-35.52130171764681,153.58381574200823,44.50533091953412
517,14.349853515625,100.0,0.0,155.0,0.0,387.0,0.0,113.3203395094262,-35.58038143107487,153.59346539879652,44.27806274499311
518,14.3798828125,100.0,0.0,154.0,0.0,385.0,0.0,113.49772280202814,-35.72369838595367,153.61965904372906,44.30717417553886
519,14.39990234375,100.0,0.0,156.0,0.0,382.0,0.0,113.45646650363025,-35.55593600101313,153.5989027043881,44.28240514269886
520,14.429931640625,100.0,0.0,156.0,0.0,385.0,0.0,113.50321955527984,-35.569504565270165,153.56911559596733,44.47532759984573
521,14.4599609375,100.0,0.0,153.0,0.0,387.0,0.0,113.317084427928,-35.567733285019315,153.61965904372906,44.30717417553886
522,14.489990234375,100.0,0.0,155.0,0.0,387.0,0.0,113.48775842192546,-35.515901976192836,153.5934653987965,44.278062744993115
523,14.52001953125,100.0,0.0,155.0,0.0,386.0,0.0,113.48775842192546,-35.515901976192836,153.5934653987965,44.278062744993115
524,14.5400390625,100.0,0.0,154.0,0.0,387.0,0.0,113.32297851983103,-35.56933117712158,153.5909460364544,44.337398625331005
525,14.570068359375,100.0,0.0,154.0,0.0,388.0,0.0,113.32297851983103,-35.56933117712158,153.5909460364544,44.337398625331005
526,14.599853515625,100.0,0.0,156.0,0.0,390.0,0.0,113.4806629016403,-35.530195986175094,153.62863824864576,44.29255210393382
527,14.6298828125,100.0,0.0,157.0,0.0,386.0,0.0,113.4806629016403,-35.53019598617513,153.62863824864576,44.292552103933815
528,14.659912109375,100.0,0.0,154.0,0.0,387.0,0.0,113.55982525311386,-35.79979200922349,153.72135719406327,44.123480656262295
529,14.68994140625,100.0,0.0,157.0,0.0,387.0,0.0,113.55982525311386,-35.79979200922349,153.72135719406327,44.1234806562623
530,14.7099609375,100.0,0.0,157.0,0.0,385.0,0.0,113.55395164314332,-35.96549808358465,153.72135719406327,44.1234806562623
531,14.739990234375,100.0,0.0,155.0,0.0,386.0,0.0,113.52375038364465,-35.82432118729034,153.73812991670755,44.09413985594607
532,14.77001953125,100.0,0.0,153.0,0.0,385.0,0.0,113.52375038364465,-35.82432118729034,153.73812991670755,44.09413985594607
533,14.800048828125,100.0,0.0,156.0,0.0,385.0,0.0,113.53522226712671,-35.80451851247429,153.7291625504293,44.108758368602196
534,14.820068359375,100.0,0.0,156.0,0.0,386.0,0.0,113.56440790720154,-35.800869278098105,153.7291625504293,44.108758368602196
535,14.849853515625,100.0,0.0,154.0,0.0,387.0,0.0,113.54740470010108,-35.791592897591386,153.7590111643372,44.07860584675105
536,14.8798828125,100.0,0.0,154.0,0.0,384.0,0.0,113.58118799068039,-35.74268069949723,153.7500432984766,44.093234919626546
537,14.909912109375,100.0,0.0,156.0,0.0,385.0,0.0,113.55381272363809,-35.76821774348381,153.7143243984101,44.29142878277431
538,14.93994140625,100.0,0.0,155.0,0.0,387.0,0.0,113.56711330157742,-35.7770426091951,153.7588306868134,44.0783579716105
539,14.9599609375,100.0,0.0,154.0,0.0,389.0,0.0,113.56711330157742,-35.77704260919513,153.7588306868134,44.078357971610494
540,14.989990234375,100.0,0.0,155.0,0.0,385.0,0.0,113.38494841311854,-35.79500568391709,153.7291625504293,44.108758368602196
541,15.02001953125,100.0,0.0,156.0,0.0,388.0,0.0,113.58634386959852,-35.73964525979572,153.74225862667404,44.10796850779006
542,15.050048828125,100.0,0.0,154.0,0.0,388.0,0.0,113.55614499053783,-35.76095970211222,153.7345492074964,44.123943903959756
543,15.080078125,100.0,0.0,154.0,0.0,388.0,0.0,113.55223469319529,-35.80477260721914,153.6996122878955,44.261433385918345
544,15.10986328125,100.0,0.0,156.0,0.0,387.0,0.0,113.41065717650996,-35.7947582393191,153.70827380343965,44.14371994254846
545,15.1298828125,100.0,0.0,156.0,0.0,389.0,0.0,113.41065717650996,-35.7947582393191,153.70827380343968,44.14371994254846
546,15.159912109375,100.0,0.0,154.0,0.0,389.0,0.0,113.55848071913778,-35.7620496711635,153.73812991670755,44.09413985594607
547,15.18994140625,100.0,0.0,155.0,0.0,386.0,0.0,113.52806546805523,-35.783648057710984,153.74225862667407,44.10796850779006
548,15.219970703125,100.0,0.0,155.0,0.0,387.0,0.0,114.10060665575455,-36.00489536006339,153.95734507429628,43.498062596221565
549,15.25,100.0,0.0,154.0,0.0,386.0,0.0,114.05160302481471,-36.225405200648225,153.99482690248368,43.40988250935536
550,15.27001953125,100.0,0.0,157.0,0.0,385.0,0.0,114.05160302481471,-36.225405200648225,153.99482690248368,43.40988250935536
551,15.300048828125,100.0,0.0,156.0,0.0,387.0,0.0,114.04099870701435,-36.01579135543381,154.03557305958944,43.33404554330667
552,15.330078125,100.0,0.0,156.0,0.0,383.0,0.0,114.05093607286324,-36.06336030716248,154.03557305958944,43.33404554330667
553,15.35986328125,100.0,0.0,155.0,0.0,386.0,0.0,114.05093607286324,-36.06336030716248,154.03557305958944,43.334045543306665
554,15.389892578125,100.0,0.0,157.0,0.0,389.0,0.0,113.89337800098772,-36.051957419913606,154.0267224556407,43.3485226750815
555,15.419921875,100.0,0.0,154.0,0.0,385.0,0.0,113.8963874598108,-36.05409437432827,154.03557305958944,43.33404554330667
556,15.43994140625,100.0,0.0,154.0,0.0,387.0,0.0,113.9051377735073,-36.02100419554771,153.99182742503797,43.33425018686951
557,15.469970703125,100.0,0.0,157.0,0.0,384.0,0.0,113.89963676802218,-36.04894008048127,154.05136692188626,43.35459239768065
558,15.5,100.0,0.0,156.0,0.0,387.0,0.0,114.04705116957422,-36.01040974390347,154.0278622891268,43.298199469714284
559,15.530029296875,100.0,0.0,155.0,0.0,388.0,0.0,113.88661125535853,-36.040034144729674,154.03894862733517,43.284755440043895
560,15.550048828125,100.0,0.0,157.0,0.0,389.0,0.0,113.88661125535853,-36.04003414472969,154.03894862733517,43.284755440043895
561,15.580078125,100.0,0.0,156.0,0.0,386.0,0.0,114.01115064391729,-36.071587412319815,154.0643346733168,43.31412831408006
562,15.60986328125,100.0,0.0,154.0,0.0,385.0,0.0,113.91379616567077,-36.05539548430366,154.05406250196944,43.2759416263451
563,15.639892578125,100.0,0.0,157.0,0.0,387.0,0.0,113.92054730382965,-36.01204787328304,154.06858294188845,43.29514585386697
564,15.669921875,100.0,0.0,156.0,0.0,384.0,0.0,113.92054730382965,-36.01204787328304,154.06858294188845,43.29514585386697
565,15.699951171875,100.0,0.0,156.0,0.0,383.0,0.0,113.86589008358041,-36.03675707489491,154.19056096436333,43.2905015167152
566,15.719970703125,100.0,0.0,156.0,0.0,384.0,0.0,113.90119027072681,-36.047574555211284,154.0688564944635,43.244341412489185
567,15.75,100.0,0.0,157.0,0.0,387.0,0.0,113.92663908265115,-36.05538571955124,154.0338871412323,43.30452266834941
568,15.780029296875,100.0,0.0,155.0,0.0,389.0,0.0,113.24545715251273,-36.08002329446706,153.67968551517632,43.81500222010774
569,15.81005859375,100.0,0.0,156.0,0.0,386.0,0.0,113.23659602458999,-36.038169876993955,153.8205564672843,43.78117149636428
570,15.83984375,100.0,0.0,155.0,0.0,383.0,0.0,113.23659602458999,-36.03816987699397,153.82055646728435,43.781171496364266
571,15.85986328125,100.0,0.0,158.0,0.0,384.0,0.0,113.4432338821167,-36.07115974729036,153.82220167784294,43.79881841283995
572,15.889892578125,100.0,0.0,156.0,0.0,386.0,0.0,113.39668092470461,-36.06804089637686,153.85192459823614,43.725444421786456
573,15.919921875,100.0,0.0,156.0,0.0,387.0,0.0,113.37766202568265,-36.0346127197505,153.81782871842586,43.79028580277817
574,15.949951171875,100.0,0.0,156.0,0.0,382.0,0.0,113.38761877492163,-36.05206227092198,153.865842658727,43.76146634040436
575,15.97998046875,100.0,0.0,153.0,0.0,384.0,0.0,113.2571246563751,-36.079785395825965,153.87472068895704,43.68234480865425
576,16.0,100.0,0.0,158.0,0.0,387.0,0.0,113.2571246563751,-36.079785395825965,153.87472068895704,43.68234480865425
577,16.030029296875,100.0,0.0,156.0,0.0,386.0,0.0,113.40396979264871,-36.04488461916954,153.88617840564018,43.740007949608476
578,16.06005859375,100.0,0.0,154.0,0.0,386.0,0.0,113.4188333366991,-36.212432252539145,153.87430171466963,43.75055675498168
579,16.08984375,100.0,0.0,155.0,0.0,387.0,0.0,113.42949705811202,-36.03513802972892,153.8122068427389,43.7462787304903
580,16.119873046875,100.0,0.0,157.0,0.0,387.0,0.0,113.38000106778081,-35.816847915030536,153.82360205805145,43.764864474593956
581,16.14990234375,100.0,0.0,154.0,0.0,386.0,0.0,113.40687623699495,-36.046179648238805,153.85527409949918,43.78910424879029
582,16.169921875,100.0,0.0,153.0,0.0,384.0,0.0,113.39375405439908,-36.04105600607445,153.83190393238002,43.79783398737433
583,16.199951171875,100.0,0.0,156.0,0.0,383.0,0.0,113.39375405439908,-36.04105600607446,153.83190393238004,43.797833987374325
584,16.22998046875,100.0,0.0,155.0,0.0,386.0,0.0,113.39723126903267,-35.9995619477286,153.87771583612897,43.791074339471415
585,16.260009765625,100.0,0.0,154.0,0.0,386.0,0.0,113.38445505138381,-36.096055941437946,153.86772649358497,43.7558614189832
586,16.280029296875,100.0,0.0,156.0,0.0,386.0,0.0,113.38890134245823,-36.02716050384615,153.87944573867713,43.749129602294055
587,16.31005859375,100.0,0.0,157.0,0.0,383.0,0.0,113.39918081576732,-36.026572020889276,154.09370492650288,43.755914709187515
588,16.33984375,100.0,0.0,154.0,0.0,385.0,0.0,113.04399910099305,-36.10533940311687,153.71073010434122,43.89393393120319
589,16.369873046875,100.0,0.0,156.0,0.0,385.0,0.0,113.04399910099305,-36.10533940311687,153.71073010434122,43.89393393120319
590,16.39990234375,100.0,0.0,157.0,0.0,389.0,0.0,113.00672170504961,-36.1481107096861,153.8522589357023,43.91932231505117
591,16.429931640625,100.0,0.0,156.0,0.0,383.0,0.0,113.17809012090301,-36.06026503730046,153.7320617964645,43.87993901169722
592,16.449951171875,100.0,0.0,155.0,0.0,384.0,0.0,113.05691967368888,-36.0761247289615,153.884225994987,43.89257014676741
593,16.47998046875,100.0,0.0,157.0,0.0,386.0,0.0,113.20663290941326,-36.061113826786986,153.89979243259143,43.92190274426071
594,16.510009765625,100.0,0.0,155.0,0.0,388.0,0.0,113.02259508268773,-36.08398878196281,153.7083477437564,43.9220830591693
595,16.5400390625,100.0,0.0,155.0,0.0,387.0,0.0,113.02259508268773,-36.08398878196281,153.70834774375643,43.922083059169296
596,16.570068359375,100.0,0.0,156.0,0.0,382.0,0.0,113.20829767599581,-36.124980572637696,153.88188213747492,43.92031103155892
597,16.58984375,100.0,0.0,155.0,0.0,384.0,0.0,113.18529258289519,-36.08133106457786,153.8533564325703,43.94157202750205
598,16.619873046875,100.0,0.0,156.0,0.0,384.0,0.0,113.1874309739141,-36.13625798980904,153.8682512537759,43.91251004404596
599,16.64990234375,100.0,0.0,156.0,0.0,387.0,0.0,113.01680755760697,-36.09895545365556,153.74737379098565,43.90973555583805
600,16.679931640625,100.0,0.0,156.0,0.0,383.0,0.0,113.20709901525258,-36.08227774297192,153.94099019509855,43.87892310805251
601,16.7099609375,100.0,0.0,154.0,0.0,382.0,0.0,113.19185142709588,-36.066822958433086,153.75622298060534,43.859347513581284
602,16.72998046875,100.0,0.0,156.0,0.0,385.0,0.0,113.0115686728943,-36.08818337902886,153.9526622308979,43.9114048791876
603,16.760009765625,100.0,0.0,156.0,0.0,386.0,0.0,113.0115686728943,-36.088183379028834,153.95266223089786,43.91140487918762
604,16.7900390625,100.0,0.0,155.0,0.0,385.0,0.0,113.1704113412527,-36.10912075462353,153.77688456797642,43.87823518674345
605,16.820068359375,100.0,0.0,156.0,0.0,385.0,0.0,113.1704113412527,-36.10912075462356,153.77688456797642,43.878235186743446
606,16.849853515625,100.0,0.0,158.0,0.0,388.0,0.0,113.21389153088013,-36.086422846012844,153.9209336687399,43.876319985764425
607,16.8798828125,100.0,0.0,155.0,0.0,386.0,0.0,113.01327930490493,-36.09745047580844,153.78799805655098,43.868200461772446
608,16.89990234375,100.0,0.0,155.0,0.0,385.0,0.0,112.74480475931426,-35.85750685921412,153.69998975234995,43.861979732063716
609,16.929931640625,100.0,0.0,156.0,0.0,383.0,0.0,112.74480475931426,-35.85750685921413,153.69998975234995,43.86197973206371
610,16.9599609375,100.0,0.0,156.0,0.0,385.0,0.0,112.8994116345124,-35.89149065599951,153.7166490256819,43.881992342921
611,16.989990234375,100.0,0.0,154.0,0.0,388.0,0.0,112.74506039853355,-35.80646759532672,153.51112961447768,43.83434597897682
612,17.010009765625,100.0,0.0,156.0,0.0,387.0,0.0,112.9059470304424,-35.82658712828287,153.5087985935915,43.82002210752264
613,17.0400390625,100.0,0.0,156.0,0.0,384.0,0.0,112.90711877394261,-35.85511436183264,153.67221120693978,43.83247764937522
614,17.070068359375,100.0,0.0,154.0,0.0,388.0,0.0,112.93176446772239,-36.03295626307046,153.73888005713428,43.85683344538678
615,17.099853515625,100.0,0.0,157.0,0.0,387.0,0.0,112.93176446772239,-36.032956263070446,153.73888005713425,43.85683344538678
616,17.1298828125,100.0,0.0,156.0,0.0,385.0,0.0,112.8867483988431,-35.85383261132501,153.6028580305068,43.80315823453616
617,17.159912109375,100.0,0.0,155.0,0.0,386.0,0.0,112.91368671419272,-35.84067069144318,153.692769239776,43.847345498115985
618,17.179931640625,100.0,0.0,154.0,0.0,383.0,0.0,112.9284591511975,-35.84605038970779,153.52635865341273,43.864038888887706
619,17.2099609375,100.0,0.0,157.0,0.0,388.0,0.0,112.95410305962872,-36.02386523642311,153.53454021492033,43.841029461249924
620,17.239990234375,100.0,0.0,155.0,0.0,389.0,0.0,112.95410305962872,-36.02386523642315,153.53454021492036,43.84102946124992
621,17.27001953125,100.0,0.0,154.0,0.0,386.0,0.0,112.75178375730601,-35.84294750048256,153.54987198938767,43.788998136961894
622,17.300048828125,100.0,0.0,155.0,0.0,385.0,0.0,112.95571617397098,-35.8568552249626,153.65126352577008,43.84631101656375
623,17.320068359375,100.0,0.0,155.0,0.0,387.0,0.0,112.94677719205018,-36.038104025692576,153.4550513710377,43.88237307061881
624,17.349853515625,100.0,0.0,155.0,0.0,387.0,0.0,112.94291837597831,-35.86002128325548,153.44934108933205,43.853942803674215
625,17.3798828125,100.0,0.0,155.0,0.0,386.0,0.0,112.92444406035057,-35.876525938109936,153.50065575861092,43.87690446427455
626,17.409912109375,100.0,0.0,157.0,0.0,385.0,0.0,112.72061144519851,-35.84927360136621,153.5263586534127,43.86403888888772
627,17.43994140625,100.0,0.0,156.0,0.0,386.0,0.0,112.75186061145732,-35.87218298580065,153.50473976484972,43.85448371792338
628,17.4599609375,100.0,0.0,155.0,0.0,389.0,0.0,113.54115362596909,-36.03231731694713,154.05269747247698,44.02655865974596
629,17.489990234375,100.0,0.0,156.0,0.0,385.0,0.0,113.52870366647713,-36.072683038270064,154.03794857748807,44.04858715099724
630,17.52001953125,100.0,0.0,155.0,0.0,387.0,0.0,113.52870366647713,-36.07268303827004,154.03794857748807,44.04858715099726
631,17.550048828125,100.0,0.0,155.0,0.0,385.0,0.0,113.49627386656444,-36.257809542764285,154.07726024809926,44.007019196521135
632,17.580078125,100.0,0.0,155.0,0.0,386.0,0.0,113.35122141316303,-36.0703529878615,154.0310564157461,44.03364964166449
633,17.60986328125,100.0,0.0,157.0,0.0,387.0,0.0,113.51156602768893,-36.12859888420668,154.01467610373751,44.01859273605581
634,17.6298828125,100.0,0.0,156.0,0.0,387.0,0.0,113.57365532746387,-36.21738161083452,153.86975492057365,43.977556456102924
635,17.659912109375,100.0,0.0,154.0,0.0,386.0,0.0,113.57365532746387,-36.217381610834536,153.86975492057365,43.977556456102924
636,17.68994140625,100.0,0.0,157.0,0.0,388.0,0.0,113.35715356535962,-36.03337606950484,153.87458812197275,44.01323600083769
637,17.719970703125,100.0,0.0,156.0,0.0,389.0,0.0,113.35019733344649,-36.04810126205477,154.03196813494293,44.02101560066544
638,17.739990234375,100.0,0.0,154.0,0.0,386.0,0.0,113.36858425768861,-36.04152660915858,153.86975492057365,43.977556456102924
639,17.77001953125,100.0,0.0,153.0,0.0,388.0,0.0,113.34445003984733,-36.023265630284385,153.88259852662213,43.99843826460437
640,17.800048828125,100.0,0.0,157.0,0.0,387.0,0.0,113.50918609871354,-36.06587184097464,154.0097158776539,43.995057640869916
641,17.830078125,100.0,0.0,155.0,0.0,386.0,0.0,113.50918609871354,-36.065871840974665,154.0097158776539,43.9950576408699
642,17.85986328125,100.0,0.0,154.0,0.0,387.0,0.0,113.57562417021178,-36.03228356779217,154.02270153946156,44.015608050721724
643,17.889892578125,100.0,0.0,154.0,0.0,386.0,0.0,113.55556319095594,-36.04670895624856,154.06433088667404,44.02768976826312
644,17.909912109375,100.0,0.0,156.0,0.0,388.0,0.0,113.50073366507479,-36.07929326143806,153.87446215241866,44.0126946831918
645,17.93994140625,100.0,0.0,155.0,0.0,390.0,0.0,113.50272779785458,-36.0676895910993,153.86198989478612,44.01285046015836
646,17.969970703125,100.0,0.0,154.0,0.0,388.0,0.0,113.50723647611215,-36.08149250678865,153.84165071796997,44.04110585027149
647,18.0,100.0,0.0,155.0,0.0,386.0,0.0,113.50723647611215,-36.08149250678866,153.84165071796997,44.041105850271485
648,18.030029296875,100.0,0.0,156.0,0.0,389.0,0.0,114.56952223469881,-36.66014206570205,154.743762424676,43.729383962503746
649,18.050048828125,100.0,0.0,154.0,0.0,386.0,0.0,114.56952223469881,-36.66014206570205,154.743762424676,43.729383962503746
650,18.080078125,100.0,0.0,156.0,0.0,388.0,0.0,114.40631593860493,-36.66496757237863,154.7372487895531,43.73474454044138
651,18.10986328125,100.0,0.0,156.0,0.0,385.0,0.0,114.56558014385483,-36.69088955486715,154.7513128078019,43.76513395096667
652,18.139892578125,100.0,0.0,155.0,0.0,386.0,0.0,114.55536995743424,-36.68374277957823,154.7372487895531,43.73474454044138
653,18.169921875,100.0,0.0,155.0,0.0,387.0,0.0,114.55536995743424,-36.68374277957822,154.7372487895531,43.73474454044139
654,18.18994140625,100.0,0.0,156.0,0.0,386.0,0.0,114.56062374015522,-36.677607138129346,154.89615277018535,43.735376291380256
655,18.219970703125,100.0,0.0,156.0,0.0,385.0,0.0,114.56300788231908,-36.67472846013632,154.74547173474585,43.719923161539
656,18.25,100.0,0.0,154.0,0.0,385.0,0.0,114.53431676104272,-36.68932544248158,154.74376242467594,43.72938396250376
657,18.280029296875,100.0,0.0,156.0,0.0,387.0,0.0,114.37983602119996,-36.71604339225906,154.71963806130657,43.754207249424866
658,18.31005859375,100.0,0.0,156.0,0.0,387.0,0.0,114.57533924239638,-36.70110155731068,154.7578034490739,43.759814670385495
659,18.33984375,100.0,0.0,154.0,0.0,386.0,0.0,114.57533924239638,-36.70110155731068,154.7578034490739,43.7598146703855
660,18.35986328125,100.0,0.0,153.0,0.0,387.0,0.0,114.55660409276749,-36.65517102853242,154.7604789791257,43.75056930129463
661,18.389892578125,100.0,0.0,156.0,0.0,388.0,0.0,114.56062374015522,-36.677607138129304,154.89000439063034,43.76139234686803
662,18.419921875,100.0,0.0,156.0,0.0,390.0,0.0,114.56300788231908,-36.67472846013628,154.7261006034842,43.76932782760575
663,18.449951171875,100.0,0.0,154.0,0.0,386.0,0.0,114.39932541904992,-36.67965973750894,154.74955409172628,43.805180612007824
664,18.47998046875,100.0,0.0,155.0,0.0,385.0,0.0,114.57678363731313,-36.677790173607946,154.75131280780187,43.76513395096671
665,18.5,100.0,0.0,156.0,0.0,388.0,0.0,114.57678363731313,-36.677790173607946,154.75131280780187,43.76513395096671
666,18.530029296875,100.0,0.0,154.0,0.0,391.0,0.0,114.54921630255555,-36.69368177771452,154.72876271875668,43.739620027702784
667,18.56005859375,100.0,0.0,154.0,0.0,390.0,0.0,114.55002224207506,-36.700595258051806,154.87667897692535,43.73155692124007
668,18.58984375,100.0,0.0,156.0,0.0,383.0,0.0,114.22489136073727,-35.951920016224825,154.3720367540784,44.07427951810528
669,18.619873046875,100.0,0.0,156.0,0.0,390.0,0.0,114.27938822710175,-35.89322207549704,154.39968935681816,44.154838073409486
670,18.639892578125,100.0,0.0,154.0,0.0,388.0,0.0,114.18292524354167,-35.91873032450126,154.36968783604823,44.10392905272293
671,18.669921875,100.0,0.0,156.0,0.0,386.0,0.0,114.18292524354166,-35.91873032450124,154.3696878360482,44.10392905272295
672,18.699951171875,100.0,0.0,156.0,0.0,387.0,0.0,114.06930733423758,-35.91214873689504,154.39276244106105,44.119527447089304
673,18.72998046875,100.0,0.0,155.0,0.0,387.0,0.0,114.2652387917348,-35.900415812548005,154.37203675407835,44.07427951810531
674,18.760009765625,100.0,0.0,155.0,0.0,389.0,0.0,114.22222210135101,-35.903268495727474,154.39276244106105,44.11952744708932
675,18.780029296875,100.0,0.0,156.0,0.0,389.0,0.0,114.18093610362476,-35.97332741665637,154.40860376473302,44.14019887113741
676,18.81005859375,100.0,0.0,156.0,0.0,389.0,0.0,114.0303183758361,-36.12473847976282,154.39869790503863,44.040207846823414
677,18.83984375,100.0,0.0,154.0,0.0,388.0,0.0,114.0615144033145,-35.93600406895061,154.37864133836237,44.08936491577648
678,18.869873046875,100.0,0.0,158.0,0.0,388.0,0.0,114.23901718927883,-35.92846330176202,154.38615781224576,44.10444195103294
679,18.89990234375,100.0,0.0,156.0,0.0,387.0,0.0,114.27836250972189,-36.08663458567686,154.37864133836234,44.08936491577649
680,18.919921875,100.0,0.0,155.0,0.0,387.0,0.0,114.27836250972189,-36.08663458567686,154.37864133836237,44.089364915776486
681,18.949951171875,100.0,0.0,152.0,0.0,388.0,0.0,114.21215801307264,-35.97290309637642,154.392762441061,44.11952744708934
682,18.97998046875,100.0,0.0,156.0,0.0,386.0,0.0,114.03496101530352,-35.95784574720601,154.37864133836234,44.08936491577649
683,19.010009765625,100.0,0.0,155.0,0.0,388.0,0.0,114.0835363809748,-35.918713075311466,154.4103121627942,44.10024543340027
684,19.0400390625,100.0,0.0,154.0,0.0,385.0,0.0,114.0835363809748,-35.918713075311466,154.4103121627942,44.10024543340027
685,19.06005859375,100.0,0.0,155.0,0.0,386.0,0.0,114.21536461138768,-35.93661382716979,154.3962184136494,44.06993674692201
686,19.08984375,100.0,0.0,156.0,0.0,387.0,0.0,114.21536461138768,-35.93661382716979,154.3962184136494,44.06993674692201
687,19.119873046875,100.0,0.0,154.0,0.0,386.0,0.0,114.08146529802332,-35.950461538713725,154.37864133836234,44.0893649157765
688,19.14990234375,100.0,0.0,154.0,0.0,388.0,0.0,113.46510193286922,-35.935586109998006,153.87374096276693,44.34398191884185
689,19.179931640625,100.0,0.0,155.0,0.0,386.0,0.0,113.58759624211737,-35.69864232863684,153.86279574659977,44.37857806990325
690,19.2099609375,100.0,0.0,156.0,0.0,389.0,0.0,113.59501304190059,-35.69586431859627,153.86279574659977,44.378578069903256
691,19.22998046875,100.0,0.0,154.0,0.0,388.0,0.0,113.59501304190059,-35.69586431859626,153.86279574659974,44.378578069903256
692,19.260009765625,100.0,0.0,156.0,0.0,385.0,0.0,113.64438639764717,-35.706562792248725,153.87033099467482,44.39366890800814
693,19.2900390625,100.0,0.0,157.0,0.0,386.0,0.0,113.60872879229596,-35.7123703945247,153.87695253113407,44.40876947845998
694,19.320068359375,100.0,0.0,155.0,0.0,388.0,0.0,113.60047654579898,-35.74863305083441,153.8804044714512,44.35909442693729
695,19.349853515625,100.0,0.0,154.0,0.0,389.0,0.0,113.46084183383219,-35.751110734815036,153.88342211173693,44.40348240570088
696,19.369873046875,100.0,0.0,156.0,0.0,390.0,0.0,113.60784676471842,-35.711763477229894,153.87695253113404,44.408769478459995
697,19.39990234375,100.0,0.0,156.0,0.0,388.0,0.0,113.44030725461174,-35.72068167945501,153.87695253113404,44.408769478459995
698,19.429931640625,100.0,0.0,154.0,0.0,386.0,0.0,113.44030725461174,-35.720681679455026,153.87695253113407,44.40876947845999
699,19.4599609375,100.0,0.0,160.0,0.0,387.0,0.0,113.58231805537062,-35.76231032200445,153.8680263277668,44.42337086350502
700,19.489990234375,100.0,0.0,156.0,0.0,386.0,0.0,113.63037970175857,-35.72989565712459,153.85382717594487,44.39317794519111
701,19.510009765625,100.0,0.0,156.0,0.0,390.0,0.0,113.6230145866984,-35.936779929045535,153.87033099467482,44.39366890800814
702,19.5400390625,100.0,0.0,153.0,0.0,388.0,0.0,113.59742295654225,-35.73393896553466,153.89453388337557,44.389432279705815
703,19.570068359375,100.0,0.0,156.0,0.0,389.0,0.0,113.63867404847736,-35.736840407405055,153.8769525311341,44.408769478459966
704,19.599853515625,100.0,0.0,156.0,0.0,391.0,0.0,113.63867404847736,-35.736840407405055,153.8769525311341,44.408769478459966
705,19.6298828125,100.0,0.0,154.0,0.0,387.0,0.0,113.6180087029154,-35.75630967673084,153.8769525311341,44.408769478459966
706,19.64990234375,100.0,0.0,153.0,0.0,386.0,0.0,113.5739918224902,-35.76044496239857,153.87773723665651,44.453720477860024
707,19.679931640625,100.0,0.0,157.0,0.0,390.0,0.0,113.6048510830614,-35.74307363377879,153.86279574659974,44.378578069903256
708,19.7099609375,100.0,0.0,155.0,0.0,388.0,0.0,113.46293432283794,-35.56504165757275,153.79164086366364,44.51128244815929
709,19.739990234375,100.0,0.0,155.0,0.0,388.0,0.0,113.44146057139285,-35.575347658327516,153.78525510524932,44.51721836136633
710,19.77001953125,100.0,0.0,156.0,0.0,387.0,0.0,113.44146057139285,-35.57534765832747,153.78525510524932,44.51721836136633
711,19.800048828125,100.0,0.0,156.0,0.0,391.0,0.0,113.50354427619916,-35.51970716697167,153.7852551052493,44.517218361366346
712,19.820068359375,100.0,0.0,154.0,0.0,391.0,0.0,113.46281346338128,-35.56613213357127,153.7710775295215,44.48705125878004
713,19.849853515625,100.0,0.0,155.0,0.0,388.0,0.0,113.46213681720675,-35.565426683006216,153.7852551052493,44.517218361366346
714,19.8798828125,100.0,0.0,156.0,0.0,386.0,0.0,113.4365599574729,-35.581835562605534,153.77862312043206,44.50212951642388
715,19.909912109375,100.0,0.0,155.0,0.0,387.0,0.0,113.49422601545986,-35.576720745876315,153.7786231204321,44.50212951642387
716,19.93994140625,100.0,0.0,154.0,0.0,387.0,0.0,113.49422601545986,-35.57672074587633,153.7786231204321,44.50212951642387
717,19.9599609375,100.0,0.0,156.0,0.0,388.0,0.0,113.41441556753855,-35.566877316572295,153.7852551052493,44.51721836136634
718,19.989990234375,100.0,0.0,156.0,0.0,386.0,0.0,113.2895344145798,-35.5633277707833,153.77107752952153,44.48705125878003
719,20.02001953125,100.0,0.0,154.0,0.0,387.0,0.0,113.49708052204613,-35.53414441133623,153.81196721450976,44.48329623594678
720,20.050048828125,100.0,0.0,157.0,0.0,388.0,0.0,113.47313053191266,-35.519429227294246,153.7852551052493,44.51721836136634
721,20.080078125,100.0,0.0,155.0,0.0,389.0,0.0,113.45450276332397,-35.53141433713433,153.76452426113661,44.53304578497414
722,20.099853515625,100.0,0.0,155.0,0.0,388.0,0.0,113.4365599574729,-35.58183556260555,153.76859036296733,44.54652003069842
723,20.1298828125,100.0,0.0,153.0,0.0,386.0,0.0,113.4365599574729,-35.58183556260555,153.76859036296733,44.54652003069841
724,20.159912109375,100.0,0.0,156.0,0.0,388.0,0.0,113.43312402474278,-35.540510753745856,153.77107752952153,44.48705125878003
725,20.18994140625,100.0,0.0,156.0,0.0,391.0,0.0,113.49708052204613,-35.53414441133626,153.78525510524932,44.51721836136633
726,20.219970703125,100.0,0.0,154.0,0.0,386.0,0.0,113.43375177742236,-35.52376000669806,153.76864617759722,44.51674986830403
727,20.239990234375,100.0,0.0,154.0,0.0,386.0,0.0,113.3269727852487,-35.54917401935892,153.802820285939,44.49787171259395
728,20.27001953125,100.0,0.0,157.0,0.0,390.0,0.0,113.73722349792719,-35.985636294855,153.78717766140318,43.38635537611537
729,20.300048828125,100.0,0.0,154.0,0.0,388.0,0.0,113.71365949147798,-35.967788819194304,153.79470700480567,43.40135607470806
730,20.330078125,100.0,0.0,154.0,0.0,387.0,0.0,113.71365949147798,-35.96778881919432,153.79470700480567,43.401356074708055
731,20.35986328125,100.0,0.0,156.0,0.0,384.0,0.0,113.54217806303853,-35.984502662289934,153.7979260770815,43.445947180639706
732,20.3798828125,100.0,0.0,156.0,0.0,388.0,0.0,113.70881817597304,-35.99735858129444,153.80132696608626,43.41636611812928
733,20.409912109375,100.0,0.0,154.0,0.0,389.0,0.0,113.6982142744292,-35.98620670864286,153.8197412545878,43.441832250744724
734,20.43994140625,100.0,0.0,155.0,0.0,388.0,0.0,113.6982142744292,-35.98620670864286,153.8197412545878,43.441832250744724
735,20.469970703125,100.0,0.0,155.0,0.0,387.0,0.0,113.69895840242295,-35.96250251616006,153.7930725807573,43.39267652447671
736,20.5,100.0,0.0,155.0,0.0,387.0,0.0,113.73432930894958,-35.956761271154924,153.80132696608626,43.41636611812928
737,20.530029296875,100.0,0.0,154.0,0.0,387.0,0.0,113.7032869111039,-36.01227973924375,153.8013269660863,43.416366118129275
738,20.550048828125,100.0,0.0,155.0,0.0,390.0,0.0,113.68701487282983,-36.20223123778803,153.78690323690196,43.38634554807576
739,20.580078125,100.0,0.0,155.0,0.0,388.0,0.0,113.72118641059103,-35.976237410444426,153.78055775994486,43.371345463896944
740,20.60986328125,100.0,0.0,154.0,0.0,386.0,0.0,113.68444327667744,-35.99150602514519,153.79247139397194,43.4308741755545
741,20.639892578125,100.0,0.0,156.0,0.0,388.0,0.0,113.68444327667744,-35.99150602514519,153.79247139397194,43.43087417555449
742,20.669921875,100.0,0.0,156.0,0.0,389.0,0.0,113.72597318959207,-35.979213923145736,153.77277516975525,43.35633583111489
743,20.68994140625,100.0,0.0,155.0,0.0,388.0,0.0,113.70568728913887,-35.98132052340812,153.80132696608635,43.41636611812925
744,20.719970703125,100.0,0.0,153.0,0.0,385.0,0.0,113.69722409420558,-35.994990896894535,153.78717766140326,43.38635537611533
745,20.75,100.0,0.0,157.0,0.0,391.0,0.0,113.70873188671041,-36.18569587159309,153.79247139397197,43.43087417555449
746,20.780029296875,100.0,0.0,156.0,0.0,388.0,0.0,113.74066895141462,-35.95248476043288,153.80132696608638,43.41636611812923
747,20.81005859375,100.0,0.0,154.0,0.0,387.0,0.0,113.70759375853571,-35.97313965400986,153.80718141172525,43.422644038225485
748,20.830078125,100.0,0.0,154.0,0.0,387.0,0.0,113.56659224944212,-35.23110840020549,153.8621589513106,45.11977354784036
749,20.85986328125,100.0,0.0,157.0,0.0,391.0,0.0,113.56659224944212,-35.23110840020549,153.8621589513106,45.11977354784036
750,20.889892578125,100.0,0.0,154.0,0.0,389.0,0.0,113.5676249570902,-35.250541719942966,153.8621589513106,45.11977354784036
751,20.919921875,100.0,0.0,153.0,0.0,388.0,0.0,113.37518768892235,-35.31305522782218,153.84800469110175,45.08952012484738
752,20.949951171875,100.0,0.0,155.0,0.0,389.0,0.0,113.52335606091187,-35.29341374978979,154.00608263928984,45.1126517594785
753,20.969970703125,100.0,0.0,155.0,0.0,388.0,0.0,113.57375262084443,-35.24512419555662,153.88882616425167,45.044134793434466
754,21.0,100.0,0.0,154.0,0.0,388.0,0.0,113.56007497595226,-35.25549988174182,153.89109041730774,45.02645536364791
755,21.030029296875,100.0,0.0,156.0,0.0,388.0,0.0,113.56007497595226,-35.25549988174182,153.89109041730774,45.02645536364791
756,21.06005859375,100.0,0.0,156.0,0.0,384.0,0.0,113.5555513568199,-35.247251733800724,154.03933270984334,45.0778258440803
757,21.08984375,100.0,0.0,154.0,0.0,388.0,0.0,113.6009801937312,-35.229617742595906,154.0118511939931,45.060642059092984
758,21.10986328125,100.0,0.0,156.0,0.0,388.0,0.0,113.53435073795218,-35.28150951431715,154.0474262155481,45.077772384233555
759,21.139892578125,100.0,0.0,156.0,0.0,391.0,0.0,113.59021512417216,-35.27090169225582,154.02786901846443,45.08190798442652
760,21.169921875,100.0,0.0,154.0,0.0,387.0,0.0,113.59021512417216,-35.27090169225582,154.02786901846443,45.08190798442652
761,21.199951171875,100.0,0.0,153.0,0.0,385.0,0.0,113.60814213931215,-35.21524377122572,154.04338100212772,45.03933613982159
762,21.22998046875,100.0,0.0,156.0,0.0,388.0,0.0,113.57526809904564,-35.234719816275025,154.0056559725373,45.06646038018878
763,21.25,100.0,0.0,158.0,0.0,389.0,0.0,113.57526809904564,-35.234719816275025,154.01867364415367,45.07551754339027
764,21.280029296875,100.0,0.0,154.0,0.0,388.0,0.0,113.53767305850221,-35.27367099030153,154.06460386166586,45.02876915923504
765,21.31005859375,100.0,0.0,156.0,0.0,386.0,0.0,113.53767305850221,-35.27367099030155,154.06460386166586,45.02876915923504
766,21.33984375,100.0,0.0,156.0,0.0,389.0,0.0,113.59042978606831,-35.23103894447147,154.11677417735604,45.004873846318745
767,21.369873046875,100.0,0.0,154.0,0.0,389.0,0.0,113.53813302640438,-35.26450599051942,154.04711378635355,45.057669873015676
768,21.39990234375,100.0,0.0,156.0,0.0,387.0,0.0,113.63048617497103,-35.70658980493619,154.10100686547872,44.033035928756014
769,21.419921875,100.0,0.0,156.0,0.0,382.0,0.0,113.63048617497103,-35.70658980493619,154.10100686547872,44.033035928756014
770,21.449951171875,100.0,0.0,154.0,0.0,389.0,0.0,113.65474740325723,-35.760545145452255,154.3477039360991,44.00936144398013
771,21.47998046875,100.0,0.0,157.0,0.0,389.0,0.0,113.44821415844677,-35.75597071648093,154.13175887438493,44.10496321905172
772,21.510009765625,100.0,0.0,156.0,0.0,388.0,0.0,113.44821415844677,-35.75597071648093,154.13175887438493,44.10496321905172
773,21.5400390625,100.0,0.0,155.0,0.0,387.0,0.0,113.44396265029829,-35.76232364645695,154.11503878188563,44.0699201497111
774,21.56005859375,100.0,0.0,153.0,0.0,386.0,0.0,113.63322517364544,-35.72455053463542,154.17056176564122,44.14068041417495
775,21.58984375,100.0,0.0,157.0,0.0,389.0,0.0,113.5820347791724,-35.81698945512197,154.146706797879,44.06267190160035
776,21.619873046875,100.0,0.0,155.0,0.0,387.0,0.0,113.6535710276808,-35.71796855209382,154.30909662625612,44.06656421851
777,21.64990234375,100.0,0.0,154.0,0.0,387.0,0.0,113.44966402583842,-35.747405478975736,154.3080745855231,44.060418583564065
778,21.679931640625,100.0,0.0,157.0,0.0,384.0,0.0,113.63543098195204,-35.76092953618207,154.30213043801228,44.07430392461604
779,21.699951171875,100.0,0.0,157.0,0.0,390.0,0.0,113.63543098195204,-35.760929536182054,154.30213043801228,44.07430392461604
780,21.72998046875,100.0,0.0,153.0,0.0,389.0,0.0,113.59282736846149,-35.77862176285141,154.32332449270848,44.03820178698267
781,21.760009765625,100.0,0.0,155.0,0.0,389.0,0.0,113.61310155216633,-35.73441139462645,154.1892537790386,44.031540983805264
782,21.7900390625,100.0,0.0,156.0,0.0,386.0,0.0,113.60978427920868,-35.92287374771816,154.36961890837728,44.066913130349306
783,21.820068359375,100.0,0.0,155.0,0.0,387.0,0.0,113.62601103724381,-35.74114797715845,154.32251496303024,44.057913130381785
784,21.849853515625,100.0,0.0,156.0,0.0,389.0,0.0,113.41438592242326,-35.72695335906208,154.29918789848347,44.04561778582166
785,21.869873046875,100.0,0.0,156.0,0.0,386.0,0.0,113.64088813923976,-35.774693370657076,154.13971179923396,44.04785320428629
786,21.89990234375,100.0,0.0,156.0,0.0,387.0,0.0,113.64088813923976,-35.774693370657076,154.13971179923396,44.04785320428629
787,21.929931640625,100.0,0.0,154.0,0.0,387.0,0.0,113.58334001538542,-35.70997727003242,154.15751425874467,44.07154491395424
788,21.9599609375,100.0,0.0,157.0,0.0,390.0,0.0,113.90716538768218,-36.204532984845606,154.36037850741567,44.21137315518584
789,21.97998046875,100.0,0.0,156.0,0.0,386.0,0.0,113.90716538768218,-36.20453298484562,154.3603785074157,44.211373155185825
790,22.010009765625,100.0,0.0,154.0,0.0,387.0,0.0,113.87909288985117,-36.046497800184945,154.39885989449448,44.16878688646034
791,22.0400390625,100.0,0.0,153.0,0.0,387.0,0.0,113.74398987159904,-36.059441855501426,154.36925228126654,44.22917794485344
792,22.070068359375,100.0,0.0,156.0,0.0,385.0,0.0,113.74398987159904,-36.05944185550147,154.36925228126654,44.22917794485342
793,22.099853515625,100.0,0.0,155.0,0.0,390.0,0.0,113.8932001662622,-36.04295077124664,154.35464589679202,44.23441417810966
794,22.1298828125,0.0,0.0,155.0,0.0,389.0,0.0,113.91725458197178,-36.036842396398946,154.15091575186523,44.28836585191563
795,22.14990234375,0.0,0.0,155.0,0.0,388.0,0.0,113.91186675237581,-35.99936837450589,153.3593954646964,44.706370241781
796,22.179931640625,0.0,0.0,153.0,0.0,390.0,0.0,113.89270134526514,-36.04012549064827,151.1955790415676,45.96091949976767
797,22.199951171875,0.0,0.0,151.0,0.0,390.0,0.0,113.89270134526514,-36.040125490648286,151.1955790415676,45.96091949976767
798,22.22998046875,0.0,0.0,149.0,0.0,395.0,0.0,113.74733754350315,-36.002072081682535,148.4973002927773,46.93801230541049
799,22.260009765625,0.0,0.0,148.0,0.0,400.0,0.0,113.93424407652262,-36.0192164178042,147.71969499198883,47.422539496750986
800,22.280029296875,0.0,0.0,147.0,0.0,404.0,0.0,113.91764224483647,-36.018765532212434,147.79124904246544,47.20574100865766
801,22.31005859375,0.0,0.0,146.0,0.0,403.0,0.0,113.91764224483647,-36.018765532212434,147.79124904246544,47.20574100865766
802,22.330078125,0.0,0.0,144.0,0.0,407.0,0.0,113.89005607224668,-36.03457425049374,147.33575039362393,47.46180705292422
803,22.35986328125,0.0,0.0,143.0,0.0,407.0,0.0,113.94798936677185,-36.04784410423867,145.61592542689482,48.09376641206299
804,22.389892578125,0.0,0.0,143.0,0.0,413.0,0.0,113.90288085958682,-36.06946954069756,143.41610887973758,48.75903030066277
805,22.409912109375,0.0,0.0,142.0,0.0,417.0,0.0,113.8593108700957,-36.06385130186237,142.55345014008884,49.03459591511985
806,22.43994140625,0.0,0.0,141.0,0.0,420.0,0.0,113.8593108700957,-36.06385130186237,142.55345014008884,49.03459591511985
807,22.4599609375,0.0,0.0,140.0,0.0,424.0,0.0,113.91473458210498,-36.04045566335926,142.57301444864103,48.82535102457655
808,22.489990234375,0.0,0.0,138.0,0.0,426.0,0.0,113.11911479391536,-35.63885985065593,141.46219440507735,49.17084826856577
809,22.510009765625,0.0,0.0,137.0,0.0,427.0,0.0,113.1336372929671,-35.61408362458339,139.87531856711786,49.68195275710936
810,22.5400390625,0.0,0.0,136.0,0.0,431.0,0.0,113.10839421567356,-35.6231520999112,137.9087879824283,50.168357878227305
811,22.570068359375,0.0,0.0,135.0,0.0,433.0,0.0,113.10839421567356,-35.6231520999112,137.9087879824283,50.168357878227305
812,22.58984375,0.0,0.0,134.0,0.0,440.0,0.0,113.12430312345828,-35.566853422615765,137.07968444107206,50.294050387535385
813,22.619873046875,0.0,0.0,134.0,0.0,447.0,0.0,113.13042594176514,-35.58495061703815,137.13078004980255,50.231867709385305
814,22.64990234375,0.0,0.0,133.0,0.0,445.0,0.0,113.12704411123889,-35.55817782327456,136.50935086445045,50.29320399146842
815,22.669921875,0.0,0.0,131.0,0.0,447.0,0.0,113.15881073737737,-35.56338688449959,135.12414894002035,50.586713095420365
816,22.699951171875,0.0,0.0,131.0,0.0,448.0,0.0,113.15881073737737,-35.56338688449961,135.12414894002035,50.58671309542036
817,22.719970703125,0.0,0.0,129.0,0.0,453.0,0.0,113.15555561358859,-35.6346855847421,133.24441828382595,50.859727163863134
818,22.75,0.0,0.0,128.0,0.0,458.0,0.0,113.16572465437127,-35.58483317954914,132.54928081413064,50.85254774440487
819,22.77001953125,0.0,0.0,128.0,0.0,461.0,0.0,113.16480496824248,-35.59360047996375,132.38409278263362,50.84170987011627
820,22.800048828125,0.0,0.0,127.0,0.0,465.0,0.0,113.16480496824248,-35.59360047996373,132.38409278263362,50.841709870116276
821,22.830078125,0.0,0.0,126.0,0.0,466.0,0.0,113.14488561617833,-35.593335887759046,132.10940768469098,50.797362457407694
822,22.849853515625,0.0,0.0,125.0,0.0,468.0,0.0,113.14515475549408,-35.5557221615849,130.8981666856298,50.98755169117216
823,22.8798828125,0.0,0.0,124.0,0.0,471.0,0.0,112.96147387744746,-35.60001035721324,129.28930636974573,51.1820023805387
824,22.909912109375,0.0,0.0,123.0,0.0,474.0,0.0,112.94542509388816,-35.63740693159135,128.69749050607828,51.08188441870342
825,22.929931640625,0.0,0.0,122.0,0.0,478.0,0.0,112.94542509388816,-35.63740693159135,128.69749050607828,51.08188441870342
826,22.9599609375,0.0,0.0,122.0,0.0,484.0,0.0,113.11373387944842,-35.75221686036741,128.4504695103025,51.207005331651466
827,22.97998046875,0.0,0.0,121.0,0.0,485.0,0.0,113.12491429981226,-35.61526612343616,128.05822958310011,51.05718188185924
828,23.010009765625,0.0,0.0,120.0,0.0,486.0,0.0,113.9912997047021,-36.181117166114895,128.0924984617079,50.772213747317636
829,23.030029296875,0.0,0.0,119.0,0.0,490.0,0.0,114.1675378743899,-36.17853777708408,126.85393934264546,50.72248121359754
830,23.06005859375,0.0,0.0,119.0,0.0,492.0,0.0,114.16753787438988,-36.17853777708405,126.85393934264545,50.72248121359755
831,23.08984375,0.0,0.0,118.0,0.0,497.0,0.0,114.17545600423414,-36.16728451317782,125.90016081354375,50.698218841842866
832,23.10986328125,0.0,0.0,117.0,0.0,499.0,0.0,114.19385237330903,-36.32482222556326,125.82985538914701,50.662163777967265
833,23.139892578125,0.0,0.0,117.0,0.0,503.0,0.0,114.19408594213618,-36.13927484047291,125.68138416666505,50.64219199849064
834,23.169921875,0.0,0.0,116.0,0.0,504.0,0.0,114.19408594213618,-36.13927484047291,125.68138416666505,50.64219199849064
835,23.18994140625,0.0,0.0,116.0,0.0,505.0,0.0,114.17881146479303,-36.33139714133704,124.57164862101178,50.577000091627504
836,23.219970703125,0.0,0.0,115.0,0.0,508.0,0.0,114.15783326560563,-36.14365082608086,123.44292055701038,50.575503074926296
837,23.239990234375,0.0,0.0,114.0,0.0,509.0,0.0,114.17919929575824,-36.134431852420015,122.96740222547851,50.531543337472705
838,23.27001953125,0.0,0.0,114.0,0.0,516.0,0.0,114.17919929575824,-36.134431852420015,122.96740222547851,50.53154333747271
839,23.300048828125,0.0,0.0,112.0,0.0,520.0,0.0,114.21012377238162,-36.153813445453245,122.91102548254565,50.50425683169797
840,23.320068359375,0.0,0.0,112.0,0.0,520.0,0.0,114.13912899319263,-36.145765982665544,122.8161725866355,50.49710796504509
841,23.349853515625,0.0,0.0,111.0,0.0,523.0,0.0,114.21945631894114,-36.13755387495723,121.76242092809098,50.2755420258166
842,23.369873046875,0.0,0.0,112.0,0.0,523.0,0.0,113.9999910520171,-36.166967899893464,120.88468836646621,50.32018316413336
843,23.39990234375,0.0,0.0,110.0,0.0,528.0,0.0,114.18838411862822,-36.1437638038811,120.34010072872799,49.951972737988704
844,23.429931640625,0.0,0.0,110.0,0.0,529.0,0.0,114.15740939985643,-36.16817237315194,120.32612284548487,49.93705452854797
845,23.449951171875,0.0,0.0,109.0,0.0,534.0,0.0,114.18158850719271,-36.14906692833538,120.23733297108959,49.910000049917585
846,23.47998046875,0.0,0.0,109.0,0.0,533.0,0.0,114.20124165760359,-36.12489415289786,119.55218895866847,49.835885435833696
847,23.5,0.0,0.0,108.0,0.0,537.0,0.0,114.15200673631247,-36.14960540815528,118.78035009464503,49.72734738788975
848,23.530029296875,0.0,0.0,109.0,0.0,538.0,0.0,113.6562158505294,-36.16119151857369,118.10302102808113,49.06311992809335
849,23.56005859375,0.0,0.0,108.0,0.0,538.0,0.0,113.67350041492085,-36.10933740089807,118.09446395861278,49.05042952415372
850,23.580078125,0.0,0.0,107.0,0.0,544.0,0.0,113.51802210348747,-36.13306677417333,117.68559462176219,49.01612215173404
851,23.60986328125,0.0,0.0,107.0,0.0,545.0,0.0,113.51889822037447,-36.1240583229836,117.04185334807917,48.86988281496042
852,23.6298828125,0.0,0.0,106.0,0.0,547.0,0.0,113.51889822037448,-36.124058322983615,117.04185334807917,48.86988281496042
853,23.659912109375,0.0,0.0,106.0,0.0,549.0,0.0,113.66505886636949,-36.12335301429909,116.55383435603065,48.849800229835964
854,23.68994140625,0.0,0.0,106.0,0.0,550.0,0.0,113.66505886636949,-36.12335301429906,116.55383435603065,48.84980022983598
855,23.7099609375,0.0,0.0,106.0,0.0,553.0,0.0,113.7174722754884,-36.14193524869921,116.26867106005454,48.76786178792297
856,23.739990234375,0.0,0.0,105.0,0.0,553.0,0.0,113.7174722754884,-36.14193524869921,116.26867106005454,48.76786178792297
857,23.760009765625,0.0,0.0,105.0,0.0,556.0,0.0,113.64393606763824,-36.10997107888358,116.30502110371272,48.601377651646466
858,23.7900390625,0.0,0.0,104.0,0.0,556.0,0.0,113.67331664767369,-36.131957834819886,116.1270533441131,48.605157928863996
859,23.820068359375,0.0,0.0,104.0,0.0,556.0,0.0,113.67331664767369,-36.131957834819914,116.12705334411311,48.60515792886399
860,23.83984375,0.0,0.0,104.0,0.0,560.0,0.0,113.52496954042141,-36.11858298943025,115.68256890960778,48.412616331421006
861,23.869873046875,0.0,0.0,104.0,0.0,561.0,0.0,113.48292297947523,-36.11268098596414,115.38777698517144,48.33047855306724
862,23.889892578125,0.0,0.0,104.0,0.0,562.0,0.0,113.48292297947523,-36.112680985964154,115.38777698517144,48.33047855306723
863,23.919921875,0.0,0.0,103.0,0.0,565.0,0.0,113.6804003062128,-36.128768613294795,115.16589434617721,48.29643183334229
864,23.949951171875,0.0,0.0,103.0,0.0,566.0,0.0,113.65647916352796,-36.16823922720005,115.1985743970487,48.30750739761737
865,23.969970703125,0.0,0.0,102.0,0.0,567.0,0.0,113.65647916352796,-36.16823922720005,115.1985743970487,48.30750739761737
866,24.0,0.0,0.0,102.0,0.0,569.0,0.0,113.67214098940937,-36.1090931063188,114.989397590797,48.239786272525315
867,24.02001953125,0.0,0.0,102.0,0.0,569.0,0.0,113.71375234505294,-36.145650784932414,114.45896091595539,48.18741483231438
868,24.050048828125,0.0,0.0,101.0,0.0,572.0,0.0,113.64124380203307,-36.09677525329872,114.3459036399547,48.80098729491378
869,24.080078125,0.0,0.0,102.0,0.0,573.0,0.0,113.83205647595793,-35.89965084653412,114.27502377064432,48.78210357091896
870,24.099853515625,0.0,0.0,101.0,0.0,573.0,0.0,113.83205647595793,-35.89965084653415,114.27502377064432,48.782103570918956
871,24.1298828125,0.0,0.0,102.0,0.0,577.0,0.0,113.75086291692173,-35.93351532600623,114.26106325382897,48.77662257237051
872,24.14990234375,0.0,0.0,101.0,0.0,575.0,0.0,113.65237277097548,-35.93738264111982,114.2001935898887,48.71789078592226
873,24.179931640625,0.0,0.0,101.0,0.0,575.0,0.0,113.80255012485122,-35.90004128329695,113.92798480190699,48.677594727381084
874,24.2099609375,0.0,0.0,101.0,0.0,576.0,0.0,113.80255012485122,-35.90004128329695,113.92798480190699,48.677594727381084
875,24.22998046875,0.0,0.0,101.0,0.0,578.0,0.0,113.62568607881533,-35.966985795502694,113.53857635008166,48.51139963063992
876,24.260009765625,0.0,0.0,101.0,0.0,579.0,0.0,113.84373889462587,-36.11061265943696,113.54727303240253,48.479180335542864
877,24.280029296875,0.0,0.0,101.0,0.0,575.0,0.0,113.77603682902947,-35.96286594949624,113.74362759781272,48.7115569044665
878,24.31005859375,0.0,0.0,101.0,0.0,580.0,0.0,113.7827180988425,-35.93540110657363,113.77017111454784,48.560481787958736
879,24.33984375,0.0,0.0,101.0,0.0,580.0,0.0,113.7827180988425,-35.9354011065736,113.77017111454782,48.56048178795874
880,24.35986328125,0.0,0.0,101.0,0.0,579.0,0.0,113.78464459996988,-35.976396156937675,113.5116833626995,48.67309229464115
881,24.389892578125,0.0,0.0,100.0,0.0,581.0,0.0,113.7827180988425,-35.93540110657357,113.31821960749,48.51361876686246
882,24.409912109375,0.0,0.0,101.0,0.0,581.0,0.0,113.7898946318188,-35.91995924331259,113.4829292042561,48.496534534781716
883,24.43994140625,0.0,0.0,101.0,0.0,581.0,0.0,113.78989463181878,-35.919959243312604,113.4829292042561,48.496534534781716
884,24.469970703125,0.0,0.0,101.0,0.0,581.0,0.0,113.81700098885294,-35.96274919060736,113.55954356313697,48.498147552492306
885,24.489990234375,0.0,0.0,100.0,0.0,582.0,0.0,113.6476923212038,-35.92402659974423,113.5367694561507,48.49309710239348
886,24.52001953125,0.0,0.0,100.0,0.0,579.0,0.0,113.6476923212038,-35.92402659974423,113.5367694561507,48.49309710239348
887,24.5400390625,0.0,0.0,101.0,0.0,581.0,0.0,113.78680047317884,-35.959591455353596,113.46649282331401,48.49138197523363
888,24.570068359375,0.0,0.0,101.0,0.0,584.0,0.0,113.48907542672882,-35.39138535130171,113.1719413518683,48.86241928159067
889,24.599853515625,0.0,0.0,101.0,0.0,582.0,0.0,113.48907542672882,-35.39138535130172,113.1719413518683,48.86241928159066
890,24.619873046875,0.0,0.0,101.0,0.0,581.0,0.0,113.54213768984546,-35.397921336178534,113.17758860927067,48.86848512308214
891,24.64990234375,0.0,0.0,101.0,0.0,579.0,0.0,113.52317159707184,-35.395546204003956,113.20440759634712,48.87415943041584
892,24.669921875,0.0,0.0,100.0,0.0,582.0,0.0,113.52317159707184,-35.395546204003956,113.20440759634712,48.87415943041584
893,24.699951171875,0.0,0.0,101.0,0.0,582.0,0.0,113.50636094071963,-35.545604426677905,112.96208241013639,48.9037227522026
894,24.72998046875,0.0,0.0,101.0,0.0,580.0,0.0,113.50014834852547,-35.58717935636213,112.91160735103604,48.86672091989134
895,24.75,0.0,0.0,102.0,0.0,581.0,0.0,113.54203347271564,-35.36959328561064,112.98444961150926,48.876646535788474
896,24.780029296875,0.0,0.0,101.0,0.0,583.0,0.0,113.53235616732704,-35.4200971580062,113.03589671296659,49.04940477605574
897,24.800048828125,0.0,0.0,101.0,0.0,584.0,0.0,113.53235616732704,-35.42009715800617,113.03589671296658,49.04940477605574
898,24.830078125,0.0,0.0,101.0,0.0,581.0,0.0,113.51102758470104,-35.3483619982147,113.0211019355406,48.895336791599405
899,24.85986328125,0.0,0.0,101.0,0.0,583.0,0.0,113.52460484142796,-35.37290516359376,112.96295686010362,48.89124532568278
900,24.8798828125,0.0,0.0,100.0,0.0,585.0,0.0,113.48958913248833,-35.411871751091404,112.94775727248839,48.8815562110653
901,24.909912109375,0.0,0.0,101.0,0.0,581.0,0.0,113.49688714550128,-35.405405972476466,112.9274086404885,48.89577982941369
902,24.929931640625,0.0,0.0,101.0,0.0,585.0,0.0,113.49688714550128,-35.40540597247648,112.9274086404885,48.89577982941369
903,24.9599609375,0.0,0.0,100.0,0.0,583.0,0.0,113.54203347271564,-35.36959328561063,112.97772344590814,48.89598778932295
904,24.989990234375,0.0,0.0,101.0,0.0,581.0,0.0,113.55844469761917,-35.59006736584418,113.01646649858797,48.88857845403029
905,25.010009765625,0.0,0.0,101.0,0.0,583.0,0.0,113.50353746691732,-35.57939435914714,112.9207918177355,48.88270471314882
906,25.0400390625,0.0,0.0,102.0,0.0,584.0,0.0,113.50353746691732,-35.57939435914714,112.9207918177355,48.88270471314881
907,25.06005859375,0.0,0.0,101.0,0.0,584.0,0.0,113.53142255999937,-35.39616894565544,112.90996806698641,48.8780547495195
908,25.08984375,0.0,0.0,102.0,0.0,582.0,0.0,114.01031473570944,-35.806183332163975,113.38235177199263,49.024162420641424
909,25.119873046875,0.0,0.0,101.0,0.0,587.0,0.0,114.00857361088886,-35.75304631967681,113.41354232574677,49.04926458375867
910,25.139892578125,0.0,0.0,101.0,0.0,582.0,0.0,114.00857361088886,-35.75304631967681,113.41354232574679,49.049264583758664
911,25.169921875,0.0,0.0,101.0,0.0,584.0,0.0,114.03069868287102,-35.776095446235914,113.37566420625413,49.02911484473264
912,25.18994140625,0.0,0.0,101.0,0.0,582.0,0.0,114.00768893883541,-35.75243765509475,113.35901442749783,49.01243720011837
913,25.219970703125,0.0,0.0,100.0,0.0,584.0,0.0,114.04374360341885,-35.80206249301388,113.31189971451937,49.015294534611925
914,25.239990234375,0.0,0.0,101.0,0.0,584.0,0.0,114.02771348442269,-35.77483123433563,113.3668753938946,49.02323934261056
915,25.27001953125,0.0,0.0,101.0,0.0,583.0,0.0,114.02771348442269,-35.77483123433564,113.3668753938946,49.02323934261056
916,25.300048828125,0.0,0.0,101.0,0.0,582.0,0.0,113.84746706713862,-35.79239770673142,113.37145963797246,49.02375586088391
917,25.320068359375,0.0,0.0,101.0,0.0,584.0,0.0,113.99589099799334,-35.773099195234416,113.33983070583251,48.99672223447457
918,25.349853515625,0.0,0.0,101.0,0.0,584.0,0.0,114.03091792537649,-35.787313789973915,113.31860619809906,49.01038473099972
919,25.3798828125,0.0,0.0,101.0,0.0,582.0,0.0,114.03091792537649,-35.787313789973915,113.31860619809906,49.01038473099972
920,25.39990234375,0.0,0.0,100.0,0.0,584.0,0.0,113.85079736486853,-35.776221234146725,113.31359209383842,48.988615107783055
921,25.429931640625,0.0,0.0,102.0,0.0,581.0,0.0,113.99417328806892,-35.75346870191519,113.34828086551295,49.035178756706614
922,25.449951171875,0.0,0.0,101.0,0.0,582.0,0.0,114.01238220358735,-35.8079959152736,113.34917631014406,49.03624839915765
923,25.47998046875,0.0,0.0,101.0,0.0,584.0,0.0,113.97729684520937,-35.79722004061601,113.33983070583251,48.99672223447456
924,25.5,0.0,0.0,101.0,0.0,584.0,0.0,113.97729684520937,-35.79722004061601,113.33983070583251,48.99672223447456
925,25.530029296875,0.0,0.0,101.0,0.0,584.0,0.0,114.00857361088886,-35.75304631967683,113.30464408899029,49.009319339583534
926,25.56005859375,0.0,0.0,100.0,0.0,583.0,0.0,114.02953192488656,-35.74180790253482,113.35145648670454,49.02052858159036
927,25.580078125,0.0,0.0,101.0,0.0,581.0,0.0,113.99658476870637,-35.78225092444399,113.34729195024471,49.01091111965203
928,25.60986328125,0.0,0.0,101.0,0.0,584.0,0.0,113.64401459321886,-35.81068219504985,113.02506855938363,48.71990593503959
929,25.639892578125,0.0,0.0,101.0,0.0,584.0,0.0,113.64401459321886,-35.81068219504985,113.02506855938363,48.71990593503959
930,25.659912109375,0.0,0.0,101.0,0.0,583.0,0.0,113.63491755317769,-35.78466901133097,113.002993121277,48.71973158044705
931,25.68994140625,0.0,0.0,101.0,0.0,583.0,0.0,113.64147042856114,-35.77014524820941,113.01066857957127,48.712930904286665
932,25.7099609375,0.0,0.0,100.0,0.0,585.0,0.0,113.64147042856114,-35.77014524820941,113.01066857957127,48.712930904286665
933,25.739990234375,0.0,0.0,100.0,0.0,582.0,0.0,113.6295847868019,-35.82792186746134,112.96930240610521,48.69749523367681
934,25.760009765625,0.0,0.0,101.0,0.0,582.0,0.0,113.49343502333048,-35.77958483006771,112.96822245714966,48.71137042598691
935,25.7900390625,0.0,0.0,101.0,0.0,583.0,0.0,113.65701278199448,-35.80427075708849,113.00296892332129,48.7324025279724
936,25.820068359375,0.0,0.0,101.0,0.0,584.0,0.0,113.65701278199448,-35.80427075708849,113.00296892332129,48.732402527972404
937,25.83984375,0.0,0.0,101.0,0.0,582.0,0.0,113.50011316745727,-35.78584804336254,112.98255956538878,48.71834309347085
938,25.869873046875,0.0,0.0,101.0,0.0,582.0,0.0,113.45972082266044,-35.83837541635975,112.98255956538878,48.718343093470864
939,25.89990234375,0.0,0.0,101.0,0.0,582.0,0.0,113.67507638753803,-35.96828167612889,113.02506855938361,48.71990593503961
940,25.919921875,0.0,0.0,101.0,0.0,583.0,0.0,113.67507638753803,-35.968281676128875,113.02506855938361,48.71990593503962
941,25.949951171875,0.0,0.0,100.0,0.0,584.0,0.0,113.48043248455333,-35.799888644788965,112.97545351671232,48.704689256873564
942,25.969970703125,0.0,0.0,100.0,0.0,582.0,0.0,113.62162686651959,-35.80556795178542,112.95494359736861,48.690542737506924
943,26.0,0.0,0.0,101.0,0.0,582.0,0.0,113.62162686651959,-35.80556795178542,112.95494359736861,48.690542737506924
944,26.030029296875,0.0,0.0,101.0,0.0,584.0,0.0,113.61117904545023,-35.791287845949626,112.96930240610521,48.69749523367683
945,26.050048828125,0.0,0.0,101.0,0.0,583.0,0.0,113.61117904545023,-35.79128784594961,112.96930240610521,48.69749523367684
946,26.080078125,0.0,0.0,100.0,0.0,583.0,0.0,113.46442981565757,-35.837225471755055,112.96822245714964,48.711370425986935
947,26.099853515625,0.0,0.0,101.0,0.0,585.0,0.0,113.46442981565755,-35.837225471755026,112.96822245714962,48.71137042598694
948,26.1298828125,0.0,0.0,101.0,0.0,583.0,0.0,113.66145744902937,-36.38826777306165,113.16669040060594,48.23788872176382
949,26.159912109375,0.0,0.0,101.0,0.0,584.0,0.0,113.66145744902937,-36.388267773061635,113.16669040060594,48.23788872176382
950,26.179931640625,0.0,0.0,101.0,0.0,583.0,0.0,113.84207639080412,-36.337892822746085,113.14923186760706,48.20495341358635
951,26.2099609375,0.0,0.0,101.0,0.0,584.0,0.0,113.86114845220592,-36.3034606447137,113.15027829124928,48.20058293522646
952,26.22998046875,0.0,0.0,101.0,0.0,582.0,0.0,113.86114845220592,-36.30346064471372,113.15027829124928,48.20058293522645
953,26.260009765625,0.0,0.0,101.0,0.0,582.0,0.0,113.84088250861481,-36.34792968228433,113.1711089315449,48.21309082489977
954,26.2900390625,0.0,0.0,102.0,0.0,583.0,0.0,113.86593330264665,-36.29536158262562,113.15783215714414,48.19225383876864
955,26.31005859375,0.0,0.0,101.0,0.0,582.0,0.0,113.87821422402773,-36.47686340802035,113.18544525767166,48.2200704045887
956,26.33984375,0.0,0.0,101.0,0.0,582.0,0.0,113.87821422402773,-36.47686340802032,113.18544525767166,48.220070404588704
957,26.35986328125,0.0,0.0,100.0,0.0,584.0,0.0,113.82472665484323,-36.293463065698,113.17110893154488,48.21309082489979
958,26.389892578125,0.0,0.0,101.0,0.0,586.0,0.0,113.85638496408353,-36.35112250090438,113.15027829124926,48.20058293522648
959,26.419921875,0.0,0.0,100.0,0.0,581.0,0.0,113.87332942708329,-36.339879942832496,113.17110893154488,48.213090824899794
960,26.43994140625,0.0,0.0,101.0,0.0,582.0,0.0,113.85536572548443,-36.32709008094944,113.15027829124925,48.200582935226485
961,26.469970703125,0.0,0.0,101.0,0.0,582.0,0.0,113.85536572548443,-36.32709008094944,113.15027829124925,48.200582935226485
962,26.489990234375,0.0,0.0,101.0,0.0,584.0,0.0,113.84542538841652,-36.31928836726508,113.14941638340302,48.22582635839389
963,26.52001953125,0.0,0.0,101.0,0.0,584.0,0.0,113.68315461811217,-36.31034543620683,113.13605710756988,48.204965447935834
964,26.550048828125,0.0,0.0,101.0,0.0,584.0,0.0,113.86685736203074,-36.29597184075722,113.17834056590245,48.2064110908471
965,26.570068359375,0.0,0.0,101.0,0.0,582.0,0.0,113.86685736203074,-36.295971840757204,113.17834056590243,48.206411090847105
966,26.599853515625,0.0,0.0,101.0,0.0,582.0,0.0,113.81225853583855,-36.33625984372523,113.10983300993195,48.19580981598151
967,26.619873046875,0.0,0.0,101.0,0.0,582.0,0.0,113.83264794511146,-36.30767188394849,113.15149317727347,48.18748358993049
968,26.64990234375,0.0,0.0,101.0,0.0,582.0,0.0,113.49254175370577,-35.41620065429829,112.86782801677657,48.91191736979955
969,26.679931640625,0.0,0.0,101.0,0.0,581.0,0.0,113.51232556511563,-35.3865559524937,112.89602053509815,48.924818612330256
970,26.699951171875,0.0,0.0,100.0,0.0,582.0,0.0,113.51232556511563,-35.3865559524937,112.89602053509815,48.924818612330256
971,26.72998046875,0.0,0.0,101.0,0.0,582.0,0.0,113.50631037444701,-35.406805628106916,112.8821282283683,48.8850197681554
972,26.75,0.0,0.0,100.0,0.0,582.0,0.0,113.47624243312407,-35.459690091219954,112.88212822836832,48.885019768155395
973,26.780029296875,0.0,0.0,101.0,0.0,586.0,0.0,113.51670208765206,-35.57095889377369,112.8764252188045,48.89931315484156
974,26.81005859375,0.0,0.0,101.0,0.0,582.0,0.0,113.51670208765205,-35.57095889377371,112.8764252188045,48.89931315484155
975,26.830078125,0.0,0.0,101.0,0.0,580.0,0.0,113.50582495865086,-35.39538121980214,112.85795068358152,48.90793354485006
976,26.85986328125,0.0,0.0,101.0,0.0,581.0,0.0,113.56786389230513,-35.411849568865904,112.84918865425499,48.9298354074066
977,26.8798828125,0.0,0.0,101.0,0.0,583.0,0.0,113.54151893935872,-35.38957293388119,112.87092867379363,48.91710800587204
978,26.909912109375,0.0,0.0,100.0,0.0,582.0,0.0,113.34341461655632,-35.39817861971076,112.88323196658743,48.89444644077306
979,26.93994140625,0.0,0.0,100.0,0.0,582.0,0.0,113.34341461655632,-35.39817861971076,112.88323196658743,48.89444644077306
980,26.9599609375,0.0,0.0,100.0,0.0,581.0,0.0,113.51669835106492,-35.39728284030289,112.85401748518689,48.915469047899535
981,26.989990234375,0.0,0.0,101.0,0.0,580.0,0.0,113.49968778093951,-35.43041223871573,112.8748529177543,48.92799173395136
982,27.010009765625,0.0,0.0,100.0,0.0,581.0,0.0,113.50300322977009,-35.422629604137555,112.84843271143052,48.89794448137377
983,27.0400390625,0.0,0.0,101.0,0.0,580.0,0.0,113.50300322977009,-35.42262960413757,112.84843271143052,48.89794448137377
984,27.070068359375,0.0,0.0,100.0,0.0,582.0,0.0,113.37019714202484,-35.41314759286519,112.83528628207443,48.910948730392114
985,27.08984375,0.0,0.0,101.0,0.0,583.0,0.0,113.51453212062286,-35.406124109484445,112.86147188580983,48.90715238097234
986,27.119873046875,0.0,0.0,101.0,0.0,584.0,0.0,113.48834304335068,-35.38701356532214,112.83309295541794,48.88044573461075
987,27.139892578125,0.0,0.0,100.0,0.0,582.0,0.0,113.51409039925747,-35.38690149594526,112.86147188580983,48.907152380972335
988,27.169921875,0.0,0.0,101.0,0.0,582.0,0.0,112.55987989712355,-36.0199924056206,112.22543720981429,48.26132128932939
989,27.199951171875,0.0,0.0,100.0,0.0,581.0,0.0,112.55987989712355,-36.01999240562061,112.22543720981429,48.26132128932938
990,27.219970703125,0.0,0.0,101.0,0.0,583.0,0.0,112.69945123136839,-36.017005125931554,112.20003164891506,48.284125607651305
991,27.25,0.0,0.0,100.0,0.0,582.0,0.0,112.56714197391813,-35.98536523290638,112.19188286920193,48.3082194778747
992,27.27001953125,0.0,0.0,101.0,0.0,580.0,0.0,112.56714197391813,-35.985365232906396,112.19188286920195,48.3082194778747
993,27.300048828125,0.0,0.0,101.0,0.0,583.0,0.0,112.56065549194552,-35.98458828320473,112.18987962174,48.27760635312938
994,27.330078125,0.0,0.0,101.0,0.0,581.0,0.0,112.72901405774847,-35.953927482081305,112.17528982526598,48.24740657547461
995,27.349853515625,0.0,0.0,101.0,0.0,581.0,0.0,112.70088384706274,-35.95446358943037,112.17631206063167,48.25558327028763
996,27.3798828125,0.0,0.0,100.0,0.0,579.0,0.0,112.71246168798794,-35.98138133623208,112.16888658615295,48.242652514102595
997,27.39990234375,0.0,0.0,101.0,0.0,584.0,0.0,112.71246168798794,-35.98138133623211,112.16888658615295,48.242652514102595
998,27.429931640625,0.0,0.0,101.0,0.0,580.0,0.0,112.71174487859446,-36.15173647823286,112.19252874557489,48.27002450659841
999,27.4599609375,0.0,0.0,100.0,0.0,581.0,0.0,112.71956045716783,-35.96712440073634,112.18938505846211,48.264193638469685
1000,27.47998046875,0.0,0.0,101.0,0.0,582.0,0.0,112.73726046461293,-35.97374061598765,112.17752794642611,48.27789207386592
1001,27.510009765625,0.0,0.0,101.0,0.0,582.0,0.0,112.73726046461293,-35.973740615987694,112.17752794642612,48.27789207386591
1002,27.530029296875,0.0,0.0,101.0,0.0,581.0,0.0,112.74249013604941,-35.967725189223586,112.20568855507386,48.26989154461613
1003,27.56005859375,0.0,0.0,101.0,0.0,584.0,0.0,112.76459728072993,-35.94826695526122,112.15796578812851,48.27478251549807
1004,27.58984375,0.0,0.0,100.0,0.0,580.0,0.0,112.54267702800469,-35.998562867374226,112.1707519914907,48.2822363728639
1005,27.60986328125,0.0,0.0,102.0,0.0,581.0,0.0,112.72290511728872,-35.959319579168636,112.15787769599073,48.27489416882293
1006,27.639892578125,0.0,0.0,101.0,0.0,578.0,0.0,112.72290511728872,-35.959319579168636,112.15787769599073,48.274894168822925
1007,27.659912109375,0.0,0.0,100.0,0.0,582.0,0.0,112.71633440833453,-35.97375956125755,112.17752794642612,48.2778920738659
1008,27.68994140625,0.0,0.0,101.0,0.0,580.0,0.0,113.80811878582348,-36.26967028956009,113.12817017969876,48.309088458858
1009,27.719970703125,0.0,0.0,101.0,0.0,581.0,0.0,113.81627021907435,-36.26483632634097,113.14599457818336,48.30441354732839
1010,27.739990234375,0.0,0.0,101.0,0.0,582.0,0.0,113.6590566421545,-36.33795180276492,113.10646284284164,48.28734959449443
1011,27.77001953125,0.0,0.0,100.0,0.0,580.0,0.0,113.6590566421545,-36.33795180276492,113.10646284284164,48.28734959449443
1012,27.7900390625,0.0,0.0,101.0,0.0,582.0,0.0,113.63409635038717,-36.27453556070567,113.13920474400831,48.27743369921316
1013,27.820068359375,0.0,0.0,100.0,0.0,579.0,0.0,113.84000443463003,-36.27028469492155,113.12078446273,48.29665610309739
1014,27.849853515625,0.0,0.0,101.0,0.0,582.0,0.0,113.79718964084883,-36.31292123056496,113.09689134773743,48.2840101147723
1015,27.869873046875,0.0,0.0,101.0,0.0,581.0,0.0,113.79718964084881,-36.312921230564946,113.09689134773743,48.28401011477231
1016,27.89990234375,0.0,0.0,100.0,0.0,579.0,0.0,113.64700883836883,-36.27409921470496,113.10101402799448,48.30526590222215
1017,27.919921875,0.0,0.0,100.0,0.0,580.0,0.0,113.82432491079727,-36.29956673377429,113.12731922053807,48.29064998463884
1018,27.949951171875,0.0,0.0,102.0,0.0,583.0,0.0,113.86296254043286,-36.203286723045096,113.14674470705808,48.291660134258784
1019,27.969970703125,0.0,0.0,101.0,0.0,580.0,0.0,113.86296254043286,-36.20328672304505,113.14674470705808,48.2916601342588
1020,28.0,0.0,0.0,101.0,0.0,580.0,0.0,113.82328981554264,-36.22742357576872,113.13356901932839,48.30469350207125
1021,28.030029296875,0.0,0.0,101.0,0.0,580.0,0.0,113.65905664215447,-36.33795180276489,113.11307338042741,48.282517624228845
1022,28.050048828125,0.0,0.0,100.0,0.0,580.0,0.0,113.65905664215447,-36.33795180276488,113.11307338042741,48.282517624228845
1023,28.080078125,0.0,0.0,101.0,0.0,582.0,0.0,113.84000443463003,-36.27028469492151,113.1034104637087,48.27787793780915
1024,28.10986328125,0.0,0.0,101.0,0.0,583.0,0.0,113.86665420198494,-36.27895536756403,113.1457519603203,48.28347657423532
1025,28.1298828125,0.0,0.0,100.0,0.0,579.0,0.0,113.81040368893355,-36.21028605836891,113.1206054716185,48.29544682822559
1026,28.159912109375,0.0,0.0,101.0,0.0,582.0,0.0,113.81101271328689,-36.27091198966484,113.13356901932839,48.30469350207126
1027,28.179931640625,0.0,0.0,101.0,0.0,581.0,0.0,113.81682629972639,-36.28040126364914,113.12078446272999,48.296656103097405
1028,28.2099609375,0.0,0.0,101.0,0.0,581.0,0.0,114.27851363255911,-35.98448159251795,113.47712089097134,48.57367934139466
1029,28.22998046875,0.0,0.0,102.0,0.0,583.0,0.0,114.26982825295913,-36.20074248876813,113.50204667385461,48.56050023730789
1030,28.260009765625,0.0,0.0,101.0,0.0,580.0,0.0,114.25876396621604,-36.02441165274456,113.4703227085348,48.577982880189865
1031,28.2900390625,0.0,0.0,102.0,0.0,581.0,0.0,114.25876396621604,-36.024411652744575,113.4703227085348,48.57798288018986
1032,28.31005859375,0.0,0.0,101.0,0.0,579.0,0.0,114.10303124604779,-36.04967656644611,113.46288292134851,48.56376143297334
1033,28.33984375,0.0,0.0,101.0,0.0,580.0,0.0,114.10303124604779,-36.049676566446124,113.46288292134851,48.56376143297334
1034,28.369873046875,0.0,0.0,101.0,0.0,579.0,0.0,114.2644375589434,-36.009235954965185,113.45311066583861,48.56040194621311
1035,28.389892578125,0.0,0.0,101.0,0.0,581.0,0.0,114.07850745500211,-36.07245106190781,113.51606684330784,48.57738574921707
1036,28.419921875,0.0,0.0,100.0,0.0,579.0,0.0,114.25878011206184,-36.057586424002416,113.49879525510468,48.5959675729189
1037,28.43994140625,0.0,0.0,102.0,0.0,581.0,0.0,114.25878011206184,-36.057586424002444,113.49879525510468,48.59596757291889
1038,28.469970703125,0.0,0.0,101.0,0.0,580.0,0.0,114.2801558440038,-36.01515967708448,113.46584474676379,48.60408540288286
1039,28.489990234375,0.0,0.0,100.0,0.0,580.0,0.0,114.2709375579031,-35.96683019272239,113.47099474112912,48.523802650101885
1040,28.52001953125,0.0,0.0,101.0,0.0,581.0,0.0,114.22511211562093,-36.05354702852888,113.48388037997542,48.56882004089425
1041,28.550048828125,0.0,0.0,101.0,0.0,583.0,0.0,114.22511211562093,-36.05354702852888,113.48388037997542,48.56882004089425
1042,28.570068359375,0.0,0.0,101.0,0.0,581.0,0.0,114.23571809938382,-36.09387939850762,113.49123041327903,48.58124977556885
1043,28.599853515625,0.0,0.0,101.0,0.0,581.0,0.0,114.294885607894,-36.009354481221905,113.46569173947368,48.604236508716035
1044,28.6298828125,0.0,0.0,101.0,0.0,580.0,0.0,114.28739527117304,-36.02938004983307,113.47712089097136,48.57367934139458
1045,28.64990234375,0.0,0.0,101.0,0.0,581.0,0.0,114.11594962540116,-36.01316707614285,113.48388037997542,48.56882004089424
1046,28.679931640625,0.0,0.0,101.0,0.0,578.0,0.0,114.28015584400381,-36.015159677084554,113.4675574824856,48.57032770564469
1047,28.699951171875,0.0,0.0,101.0,0.0,582.0,0.0,114.28015584400381,-36.01515967708458,113.4675574824856,48.57032770564468
1048,28.72998046875,0.0,0.0,101.0,0.0,581.0,0.0,113.17945421465993,-36.03586504310614,112.59649141626605,48.66013068533126
1049,28.760009765625,0.0,0.0,101.0,0.0,581.0,0.0,113.17945421465993,-36.03586504310613,112.59649141626605,48.66013068533127
1050,28.780029296875,0.0,0.0,100.0,0.0,582.0,0.0,113.1734698321466,-35.84017337324871,112.60404428255468,48.67427809002111
1051,28.81005859375,0.0,0.0,101.0,0.0,581.0,0.0,113.18772455748908,-35.846818219138896,112.58969805495667,48.66443171878132
1052,28.830078125,0.0,0.0,101.0,0.0,582.0,0.0,113.18772455748908,-35.84681821913887,112.58969805495666,48.66443171878133
1053,28.85986328125,0.0,0.0,101.0,0.0,579.0,0.0,113.37774658214639,-35.8790764276361,112.56796050800887,48.67484096349364
1054,28.889892578125,0.0,0.0,101.0,0.0,581.0,0.0,113.4060245676195,-35.84048096726429,112.61806690215258,48.68239928315845
1055,28.909912109375,0.0,0.0,101.0,0.0,582.0,0.0,113.34442911035974,-36.03086366451299,112.57992643417683,48.661092177462386
1056,28.93994140625,0.0,0.0,100.0,0.0,579.0,0.0,113.34442911035974,-36.03086366451301,112.57992643417683,48.66109217746237
1057,28.9599609375,0.0,0.0,100.0,0.0,579.0,0.0,113.35322962601664,-35.89474347427482,112.57840400855733,48.69671978598198
1058,28.989990234375,0.0,0.0,101.0,0.0,580.0,0.0,113.32261928298622,-36.02972726997902,112.60393807740977,48.674316067617816
1059,29.02001953125,0.0,0.0,101.0,0.0,579.0,0.0,113.18460048180015,-35.884142882862314,112.59649141626605,48.66013068533127
1060,29.0400390625,0.0,0.0,101.0,0.0,578.0,0.0,113.18460048180015,-35.884142882862314,112.59649141626605,48.66013068533127
1061,29.070068359375,0.0,0.0,101.0,0.0,581.0,0.0,113.32829225435316,-35.86099480003894,112.5867619837326,48.656782216710305
1062,29.08984375,0.0,0.0,100.0,0.0,580.0,0.0,113.3502740158831,-35.85198172990267,112.59824616566183,48.446768380319014
1063,29.119873046875,0.0,0.0,102.0,0.0,580.0,0.0,113.37307902116622,-35.86955214344777,112.57694819772055,48.64366119994281
1064,29.14990234375,0.0,0.0,101.0,0.0,579.0,0.0,113.3552821906779,-35.86068091287131,112.59649141626605,48.660130685331275
1065,29.169921875,0.0,0.0,101.0,0.0,580.0,0.0,113.3552821906779,-35.86068091287132,112.59649141626605,48.660130685331275
1066,29.199951171875,0.0,0.0,101.0,0.0,582.0,0.0,113.36326129485468,-35.88465087183901,112.55925198398423,48.62606706916989
1067,29.219970703125,0.0,0.0,101.0,0.0,581.0,0.0,113.186275732473,-35.85542711309123,112.5867619837326,48.656782216710305
1068,29.25,0.0,0.0,101.0,0.0,579.0,0.0,114.0697476550045,-35.91981568197294,113.36536749085548,48.81214190998462
1069,29.280029296875,0.0,0.0,100.0,0.0,580.0,0.0,114.20869674496748,-35.95732020310934,113.3465715441724,48.83023668993883
1070,29.300048828125,0.0,0.0,101.0,0.0,581.0,0.0,114.18231040723566,-35.972089082170356,113.37972549458614,48.822015817242054
1071,29.330078125,0.0,0.0,101.0,0.0,579.0,0.0,114.24725472002092,-35.93476900947727,113.34289528455076,48.78859921589513
1072,29.349853515625,0.0,0.0,101.0,0.0,579.0,0.0,114.24725472002092,-35.93476900947724,113.34289528455076,48.78859921589514
1073,29.3798828125,0.0,0.0,101.0,0.0,581.0,0.0,114.2047328379299,-35.90345613431428,113.3407266545675,48.78027609037706
1074,29.409912109375,0.0,0.0,101.0,0.0,581.0,0.0,114.2047328379299,-35.90345613431428,113.3407266545675,48.78027609037706
1075,29.429931640625,0.0,0.0,101.0,0.0,580.0,0.0,114.19810401471145,-35.90879177343591,113.3549971668451,48.790230328724334
1076,29.4599609375,0.0,0.0,102.0,0.0,581.0,0.0,114.0781228262566,-36.09990865037263,113.33431227886194,48.755132212543536
1077,29.47998046875,0.0,0.0,101.0,0.0,578.0,0.0,114.05707897932993,-35.949535968731325,113.37228492633768,48.80779646196238
1078,29.510009765625,0.0,0.0,101.0,0.0,580.0,0.0,114.05707897932993,-35.949535968731325,113.37228492633768,48.80779646196238
1079,29.5400390625,0.0,0.0,100.0,0.0,579.0,0.0,114.19762772545438,-35.91792905663392,113.33915613172366,48.815924112152786
1080,29.56005859375,0.0,0.0,100.0,0.0,579.0,0.0,114.0522653669549,-35.99748204697111,113.3013374647347,48.78403057225556
1081,29.58984375,0.0,0.0,101.0,0.0,581.0,0.0,114.09058839270723,-35.92596030898169,113.33778454006723,48.762876394948044
1082,29.60986328125,0.0,0.0,100.0,0.0,579.0,0.0,114.09058839270723,-35.92596030898171,113.33778454006725,48.762876394948044
1083,29.639892578125,0.0,0.0,101.0,0.0,583.0,0.0,114.20924619272824,-35.91992362164807,113.39251501847183,48.64538542608824
1084,29.669921875,0.0,0.0,101.0,0.0,577.0,0.0,114.2400002514597,-35.9007377336682,113.35225127826705,48.79120489543975
1085,29.68994140625,0.0,0.0,101.0,0.0,577.0,0.0,114.26087114709556,-35.889491131666425,113.34657154417242,48.8302366899388
1086,29.719970703125,0.0,0.0,101.0,0.0,581.0,0.0,114.23105345201171,-35.938006126320545,113.36536749085549,48.8121419099846
1087,29.739990234375,0.0,0.0,100.0,0.0,581.0,0.0,114.23105345201171,-35.93800612632057,113.36536749085549,48.81214190998459
1088,29.77001953125,0.0,0.0,101.0,0.0,577.0,0.0,113.33573182572405,-35.8286608999563,112.62722056517462,48.62320184736181
1089,29.800048828125,0.0,0.0,101.0,0.0,580.0,0.0,113.33573182572405,-35.8286608999563,112.62722056517462,48.62320184736181
1090,29.820068359375,0.0,0.0,101.0,0.0,577.0,0.0,113.31760425209723,-35.863130524263575,112.64219205004639,48.61768488601956
1091,29.849853515625,0.0,0.0,101.0,0.0,581.0,0.0,113.32820683355301,-35.84923443237996,112.64219205004639,48.61768488601957
1092,29.869873046875,0.0,0.0,101.0,0.0,579.0,0.0,113.32820683355303,-35.84923443237997,112.6421920500464,48.61768488601956
1093,29.89990234375,0.0,0.0,101.0,0.0,582.0,0.0,113.33573182572405,-35.8286608999563,112.63775601246509,48.645622571070284
1094,29.929931640625,0.0,0.0,100.0,0.0,579.0,0.0,113.33573182572405,-35.8286608999563,112.63179904419488,48.595854135000906
1095,29.949951171875,0.0,0.0,100.0,0.0,579.0,0.0,113.3210831758422,-35.85801160775669,112.60619036921884,48.618174996279926
1096,29.97998046875,0.0,0.0,102.0,0.0,575.0,0.0,113.3210831758422,-35.85801160775669,112.60619036921884,48.618174996279926
1097,30.0,0.0,0.0,100.0,0.0,577.0,0.0,113.30094580512684,-35.84370273336264,112.61304136485217,48.61385354321195
1098,30.030029296875,0.0,0.0,100.0,0.0,579.0,0.0,113.36492119183795,-35.837354590748404,112.63104758543275,48.4530983405548
1099,30.06005859375,0.0,0.0,101.0,0.0,580.0,0.0,113.33573182572404,-35.82866089995631,112.64219205004642,48.61768488601955
1100,30.080078125,0.0,0.0,101.0,0.0,579.0,0.0,113.34401883107401,-35.84853384882893,112.65596367693061,48.43183834355105
1101,30.10986328125,0.0,0.0,101.0,0.0,578.0,0.0,113.34401883107401,-35.848533848828914,112.65596367693061,48.43183834355105
1102,30.1298828125,0.0,0.0,101.0,0.0,581.0,0.0,113.29829793000276,-35.89041252856032,112.61198866318043,48.60408236590509
1103,30.159912109375,0.0,0.0,101.0,0.0,578.0,0.0,113.32859280188379,-35.84302802250473,112.60619036921884,48.61817499627993
1104,30.18994140625,0.0,0.0,100.0,0.0,580.0,0.0,113.18866901098292,-36.03194255232141,112.60157727417135,48.568767836088256
1105,30.2099609375,0.0,0.0,101.0,0.0,581.0,0.0,113.18866901098292,-36.0319425523214,112.60157727417135,48.56876783608826
1106,30.239990234375,0.0,0.0,100.0,0.0,580.0,0.0,113.34655427342835,-35.864650425018546,112.63651374134184,48.61101887033256
1107,30.260009765625,0.0,0.0,102.0,0.0,578.0,0.0,113.34340681288715,-35.84837353161919,112.61521234810623,48.587078641215655
1108,30.2900390625,0.0,0.0,101.0,0.0,579.0,0.0,112.99117107219078,-35.754318369044974,112.24078591688209,48.662349394391576
1109,30.320068359375,0.0,0.0,102.0,0.0,578.0,0.0,112.94904030651406,-35.774649926620654,112.23101684624126,48.64927774264066
1110,30.33984375,0.0,0.0,101.0,0.0,580.0,0.0,112.96727536000874,-35.724778674907775,112.23101684624126,48.64927774264066
1111,30.369873046875,0.0,0.0,102.0,0.0,580.0,0.0,112.96727536000874,-35.72477867490779,112.23101684624126,48.64927774264066
1112,30.389892578125,0.0,0.0,101.0,0.0,580.0,0.0,112.98790122628608,-35.74760069795217,112.18492777612201,48.60362129435876
1113,30.419921875,0.0,0.0,101.0,0.0,581.0,0.0,112.97859683163107,-35.797021084333615,112.20884326712812,48.6594706144556
1114,30.449951171875,0.0,0.0,101.0,0.0,579.0,0.0,112.97677034211019,-35.760550313532754,112.22359819481586,48.644817813476585
1115,30.469970703125,0.0,0.0,101.0,0.0,583.0,0.0,112.97677034211019,-35.76055031353274,112.22359819481586,48.644817813476585
1116,30.5,0.0,0.0,101.0,0.0,579.0,0.0,112.82636474899391,-35.73631123710674,112.184927776122,48.603621294358774
1117,30.52001953125,0.0,0.0,101.0,0.0,583.0,0.0,112.99353048410333,-35.794969260157494,112.22754116728282,48.64156551334584
1118,30.550048828125,0.0,0.0,101.0,0.0,578.0,0.0,113.03298942879462,-35.7476796866016,112.23040723723881,48.64052961187379
1119,30.580078125,0.0,0.0,101.0,0.0,580.0,0.0,112.96786104055411,-35.74829711622518,112.2220834686137,48.68035870259595
1120,30.599853515625,0.0,0.0,101.0,0.0,579.0,0.0,112.96786104055411,-35.74829711622521,112.2220834686137,48.680358702595946
1121,30.6298828125,0.0,0.0,101.0,0.0,578.0,0.0,112.9953092299368,-35.72269021029947,112.20160274754782,48.65573726064699
1122,30.64990234375,0.0,0.0,101.0,0.0,581.0,0.0,112.99593973887949,-35.72279864033788,112.22359819481588,48.644817813476564
1123,30.679931640625,0.0,0.0,101.0,0.0,580.0,0.0,112.96994169198793,-35.77458357352186,112.19283241075189,48.61923601314311
1124,30.7099609375,0.0,0.0,100.0,0.0,579.0,0.0,112.96994169198794,-35.77458357352187,112.19283241075189,48.61923601314311
1125,30.72998046875,0.0,0.0,100.0,0.0,578.0,0.0,112.99634048510731,-35.724857620662384,112.1864958074053,48.6354927909128
1126,30.760009765625,0.0,0.0,100.0,0.0,579.0,0.0,112.99929450577406,-35.7496089569353,112.20617266872372,48.443554158834914
1127,30.780029296875,0.0,0.0,101.0,0.0,578.0,0.0,112.97487042963203,-35.73752371963398,112.25060152178582,48.49825226842163
1128,30.81005859375,0.0,0.0,100.0,0.0,577.0,0.0,113.42703529618939,-35.57821357875789,112.70501084089621,49.48231194823389
1129,30.83984375,0.0,0.0,101.0,0.0,580.0,0.0,113.42703529618939,-35.578213578757904,112.70501084089621,49.48231194823389
1130,30.85986328125,0.0,0.0,101.0,0.0,579.0,0.0,113.55073645974099,-35.5466554235763,112.68990562533209,49.46316260544202
1131,30.889892578125,0.0,0.0,101.0,0.0,578.0,0.0,113.31088215253341,-35.557780813303665,112.70881199066889,49.445107707763846
1132,30.909912109375,0.0,0.0,101.0,0.0,579.0,0.0,113.47409359291125,-35.54061589180209,112.69172701344863,49.461306370202436
1133,30.93994140625,0.0,0.0,101.0,0.0,579.0,0.0,113.47409359291123,-35.54061589180208,112.69172701344863,49.46130637020244
1134,30.9599609375,0.0,0.0,101.0,0.0,578.0,0.0,113.49074484507045,-35.57735680049876,112.7066740057846,49.3012163630348
1135,30.989990234375,0.0,0.0,101.0,0.0,579.0,0.0,113.45181270970127,-35.558896610568915,112.68135573038307,49.448875900690126
1136,31.02001953125,0.0,0.0,101.0,0.0,579.0,0.0,113.31158964877247,-35.55862322089255,112.7227571911796,49.454463630594475
1137,31.0400390625,0.0,0.0,101.0,0.0,578.0,0.0,113.31158964877247,-35.55862322089255,112.7227571911796,49.454463630594475
1138,31.070068359375,0.0,0.0,101.0,0.0,577.0,0.0,113.4646499162135,-35.5963108378486,112.72885295976408,49.324889266217745
1139,31.099853515625,0.0,0.0,100.0,0.0,579.0,0.0,113.4579771195704,-35.54777595030666,112.69172701344863,49.461306370202436
1140,31.119873046875,0.0,0.0,101.0,0.0,581.0,0.0,113.44470854499622,-35.567655942256565,112.64905210600298,49.458035205011406
1141,31.14990234375,0.0,0.0,101.0,0.0,581.0,0.0,113.44470854499622,-35.56765594225652,112.64905210600298,49.45803520501141
1142,31.169921875,0.0,0.0,101.0,0.0,576.0,0.0,113.46074879859528,-35.59889285176601,112.68994884887863,49.24346331764473
1143,31.199951171875,0.0,0.0,101.0,0.0,578.0,0.0,113.48965628164933,-35.55758404025541,112.66618607151239,49.4406732050779
1144,31.219970703125,0.0,0.0,100.0,0.0,579.0,0.0,113.31088215253342,-35.55778081330373,112.72391615860096,49.29568816830173
1145,31.25,0.0,0.0,101.0,0.0,577.0,0.0,113.31088215253344,-35.557780813303744,112.72391615860096,49.29568816830172
1146,31.280029296875,0.0,0.0,100.0,0.0,578.0,0.0,113.46805344764365,-35.57303578380272,112.7033128585514,49.45001386265706
1147,31.300048828125,0.0,0.0,101.0,0.0,577.0,0.0,113.46220032318985,-35.5503252004252,112.69298811100056,49.43846682821831
1148,31.330078125,0.0,0.0,101.0,0.0,579.0,0.0,113.43061589430157,-36.188424973779604,112.69096085934098,47.69405945943164
1149,31.35986328125,0.0,0.0,101.0,0.0,577.0,0.0,113.43061589430157,-36.188424973779604,112.69096085934098,47.69405945943164
1150,31.3798828125,0.0,0.0,101.0,0.0,577.0,0.0,113.40493653915672,-36.17220467123341,112.61566299258777,47.798230586658086
1151,31.409912109375,0.0,0.0,101.0,0.0,578.0,0.0,113.47740775373512,-36.15846956655597,112.65569445680526,47.62091268682738
1152,31.429931640625,0.0,0.0,101.0,0.0,578.0,0.0,113.47740775373512,-36.15846956655597,112.65569445680526,47.62091268682738
1153,31.4599609375,0.0,0.0,101.0,0.0,579.0,0.0,113.41259111366173,-36.21879998839459,112.68769836074776,47.68842558921485
1154,31.489990234375,0.0,0.0,101.0,0.0,578.0,0.0,113.39072921960556,-36.191734983986976,112.65945221441054,47.8454329464435
1155,31.510009765625,0.0,0.0,101.0,0.0,579.0,0.0,113.39072921960556,-36.191734983986976,112.65945221441054,47.8454329464435
1156,31.5400390625,0.0,0.0,101.0,0.0,578.0,0.0,113.400677083234,-36.15461259209581,112.6480867403391,47.80042817178277
1157,31.56005859375,0.0,0.0,100.0,0.0,580.0,0.0,113.39937780019531,-36.1777624557162,112.63442621504403,47.78049272949268
1158,31.58984375,0.0,0.0,100.0,0.0,577.0,0.0,113.43812179967982,-36.19347195134277,112.62408913573088,47.81233558935361
1159,31.619873046875,0.0,0.0,100.0,0.0,577.0,0.0,113.38799545785473,-36.17241073169494,112.61921228151941,47.828996047489454
1160,31.639892578125,0.0,0.0,101.0,0.0,579.0,0.0,113.38799545785473,-36.17241073169495,112.61921228151942,47.828996047489454
1161,31.669921875,0.0,0.0,101.0,0.0,578.0,0.0,113.40542937047397,-36.19695283550274,112.61997336495435,47.80618156790693
1162,31.68994140625,0.0,0.0,101.0,0.0,581.0,0.0,113.42240766369501,-36.16883306116068,112.6454222978273,47.69488299269845
1163,31.719970703125,0.0,0.0,101.0,0.0,577.0,0.0,113.414306153181,-36.15906575907958,112.6240891357309,47.81233558935359
1164,31.75,0.0,0.0,100.0,0.0,579.0,0.0,113.414306153181,-36.1590657590796,112.62408913573091,47.81233558935359
1165,31.77001953125,0.0,0.0,101.0,0.0,581.0,0.0,113.45688835647641,-36.139042268421164,112.63442621504404,47.78049272949265
1166,31.800048828125,0.0,0.0,100.0,0.0,577.0,0.0,113.41972332111287,-36.110174816434004,112.6122750912011,47.769063274791144
1167,31.820068359375,0.0,0.0,101.0,0.0,579.0,0.0,113.40170893894913,-36.17884825453728,112.62716901624015,47.78792990212474
1168,31.849853515625,0.0,0.0,101.0,0.0,577.0,0.0,113.46574377174377,-35.408874861428934,112.61112391867655,48.92228507580113
1169,31.8798828125,0.0,0.0,101.0,0.0,579.0,0.0,113.47537363784645,-35.36207037708103,112.60575577348737,48.771081378275156
1170,31.89990234375,0.0,0.0,101.0,0.0,578.0,0.0,113.47537363784645,-35.36207037708103,112.60575577348737,48.77108137827515
1171,31.929931640625,0.0,0.0,100.0,0.0,580.0,0.0,113.23802130133521,-35.38128717320216,112.5903673535002,48.909261596289745
1172,31.949951171875,0.0,0.0,101.0,0.0,576.0,0.0,113.39628001096908,-35.40604535620648,112.5714874732345,48.92705263261179
1173,31.97998046875,0.0,0.0,101.0,0.0,578.0,0.0,113.46504624538727,-35.41206177089965,112.61449900227066,48.94348940326933
1174,32.010009765625,0.0,0.0,101.0,0.0,578.0,0.0,113.46504624538727,-35.41206177089965,112.61449900227066,48.94348940326933
1175,32.030029296875,0.0,0.0,101.0,0.0,577.0,0.0,113.2590584806972,-35.39529728645461,112.64467057351709,48.83289444955696
1176,32.06005859375,0.0,0.0,101.0,0.0,576.0,0.0,113.4710473414527,-35.394434837119256,112.54931297163199,48.93785715868013
1177,32.080078125,0.0,0.0,101.0,0.0,580.0,0.0,113.47580090989723,-35.41482527786173,112.64509729199891,48.78929427101377
1178,32.10986328125,0.0,0.0,100.0,0.0,577.0,0.0,113.47580090989723,-35.414825277861745,112.64509729199891,48.78929427101377
1179,32.139892578125,0.0,0.0,102.0,0.0,577.0,0.0,113.46190982630695,-35.38512679451041,112.58673596000804,48.78384778485774
1180,32.159912109375,0.0,0.0,102.0,0.0,579.0,0.0,113.44582011513616,-35.45782289703193,112.57992860762229,48.94121759881507
1181,32.18994140625,0.0,0.0,101.0,0.0,576.0,0.0,113.4439166034029,-35.40760438008568,112.62851060758251,48.93934078967973
1182,32.2099609375,0.0,0.0,101.0,0.0,578.0,0.0,113.4439166034029,-35.407604380085694,112.62851060758251,48.939340789679726
1183,32.239990234375,0.0,0.0,101.0,0.0,578.0,0.0,113.47537363784647,-35.36207037708112,112.61457616948496,48.92998692725726
1184,32.27001953125,0.0,0.0,100.0,0.0,577.0,0.0,113.40075383784979,-35.40046551555075,112.6291132945145,48.78631681290468
1185,32.2900390625,0.0,0.0,101.0,0.0,579.0,0.0,113.40836069673564,-35.413475805954846,112.56620409009328,48.92112156272159
1186,32.320068359375,0.0,0.0,101.0,0.0,577.0,0.0,113.43338219596404,-35.40024815701337,112.58729351747567,48.933687412308174
1187,32.33984375,0.0,0.0,100.0,0.0,578.0,0.0,113.42187704463748,-35.369770454696635,112.62749366848674,48.75584552738975
1188,32.369873046875,0.0,0.0,101.0,0.0,576.0,0.0,113.42561948006568,-35.700864650040174,112.5463523673589,48.85689490025428
1189,32.39990234375,0.0,0.0,101.0,0.0,579.0,0.0,113.42561948006568,-35.700864650040174,112.5463523673589,48.85689490025428
1190,32.419921875,0.0,0.0,100.0,0.0,579.0,0.0,113.42171889745275,-35.71962057060161,112.5856295999085,48.82955807681723
1191,32.449951171875,0.0,0.0,100.0,0.0,578.0,0.0,113.44988240623246,-35.69294906872445,112.61010819394453,48.87276017714939
1192,32.469970703125,0.0,0.0,102.0,0.0,574.0,0.0,113.44988240623246,-35.69294906872445,112.61010819394453,48.87276017714938
1193,32.5,0.0,0.0,101.0,0.0,577.0,0.0,113.41300517597716,-35.67227782872598,112.60856490288464,48.840832602558464
1194,32.530029296875,0.0,0.0,101.0,0.0,578.0,0.0,113.41300517597716,-35.67227782872598,112.60856490288464,48.84083260255845
1195,32.550048828125,0.0,0.0,101.0,0.0,578.0,0.0,113.44773820484197,-35.655039355247105,112.59474062713655,48.86509452874339
1196,32.580078125,0.0,0.0,101.0,0.0,578.0,0.0,113.42022068780298,-35.69339186847034,112.60856490288464,48.84083260255845
1197,32.599853515625,0.0,0.0,100.0,0.0,576.0,0.0,113.43071408204885,-35.737384433217095,112.58972126334433,48.85866016522284
1198,32.6298828125,0.0,0.0,101.0,0.0,578.0,0.0,113.42323669197377,-35.710637508365046,112.56759904075548,48.86947828784815
1199,32.659912109375,0.0,0.0,101.0,0.0,577.0,0.0,113.26916729750684,-35.70167930302688,112.60001217370831,48.87101518414446
1200,32.679931640625,0.0,0.0,101.0,0.0,577.0,0.0,113.4669063014954,-35.67704897964596,112.59427807303314,48.866123480403964
1201,32.7099609375,0.0,0.0,101.0,0.0,577.0,0.0,113.39593658705336,-35.72621407733752,112.570224366295,48.88980657599195
1202,32.72998046875,0.0,0.0,101.0,0.0,576.0,0.0,113.43738307676121,-35.72177885843319,112.59427807303314,48.86612348040396
1203,32.760009765625,0.0,0.0,101.0,0.0,579.0,0.0,113.43738307676121,-35.72177885843316,112.59427807303314,48.86612348040396
1204,32.7900390625,0.0,0.0,100.0,0.0,576.0,0.0,113.44253838779034,-35.70841151589726,112.58391708734706,48.86470354282682
1205,32.81005859375,0.0,0.0,101.0,0.0,578.0,0.0,113.40766488184474,-35.72236356618799,112.5686002237102,48.846070858912
1206,32.83984375,0.0,0.0,101.0,0.0,580.0,0.0,113.40766488184474,-35.72236356618799,112.5686002237102,48.846070858912
1207,32.85986328125,0.0,0.0,101.0,0.0,578.0,0.0,113.45528250783619,-35.69751932393534,112.59499279912532,48.864580807651066
1208,32.889892578125,0.0,0.0,100.0,0.0,578.0,0.0,113.92581388611453,-36.02413037199141,113.02123953278033,48.51375047829336
1209,32.919921875,0.0,0.0,101.0,0.0,577.0,0.0,113.92581388611453,-36.0241303719914,113.02123953278033,48.51375047829337
1210,32.93994140625,0.0,0.0,100.0,0.0,575.0,0.0,113.95499154552603,-35.9766966104255,113.121358747245,48.35958038723687
1211,32.969970703125,0.0,0.0,102.0,0.0,578.0,0.0,113.91843394429428,-35.98195106921616,113.09958790057203,48.305078055498896
1212,32.989990234375,0.0,0.0,100.0,0.0,576.0,0.0,113.91843394429428,-35.98195106921614,113.09958790057202,48.30507805549891
1213,33.02001953125,0.0,0.0,101.0,0.0,577.0,0.0,113.95389627607541,-36.17192554248302,113.08621683899992,48.35019870610562
1214,33.050048828125,0.0,0.0,101.0,0.0,577.0,0.0,113.92700980897577,-36.0022687889617,113.06495543398152,48.48842673297116
1215,33.070068359375,0.0,0.0,101.0,0.0,577.0,0.0,113.92700980897577,-36.0022687889617,113.06495543398152,48.48842673297116
1216,33.099853515625,0.0,0.0,100.0,0.0,577.0,0.0,113.93414472955973,-35.987901501997115,113.06495543398152,48.48842673297116
1217,33.119873046875,0.0,0.0,100.0,0.0,577.0,0.0,113.93414472955973,-35.98790150199713,113.06495543398154,48.48842673297116
1218,33.14990234375,0.0,0.0,101.0,0.0,576.0,0.0,113.93414472955973,-35.98790150199713,113.10946054238809,48.32469701734959
1219,33.179931640625,0.0,0.0,101.0,0.0,579.0,0.0,113.91814720065938,-36.00455933557659,113.06948045362243,48.4819127572623
1220,33.199951171875,0.0,0.0,101.0,0.0,579.0,0.0,113.9455119028014,-35.989962794185544,113.0587181712807,48.48311688858059
1221,33.22998046875,0.0,0.0,100.0,0.0,581.0,0.0,113.7467532400133,-36.03483586975344,113.0603251148699,48.52678017084752
1222,33.25,0.0,0.0,101.0,0.0,578.0,0.0,113.90162807775782,-36.043215013788696,113.06395550430028,48.51182821053665
1223,33.280029296875,0.0,0.0,100.0,0.0,578.0,0.0,113.90162807775782,-36.04321501378868,113.06395550430028,48.511828210536656
1224,33.31005859375,0.0,0.0,102.0,0.0,579.0,0.0,113.94785589912561,-35.991048337980544,113.08719848064774,48.327225167528546
1225,33.330078125,0.0,0.0,100.0,0.0,578.0,0.0,113.9274616709741,-36.01088458030363,113.06542470425423,48.337423620976175
1226,33.35986328125,0.0,0.0,101.0,0.0,577.0,0.0,113.9274616709741,-36.0108845803036,113.06542470425423,48.337423620976175
1227,33.3798828125,0.0,0.0,101.0,0.0,576.0,0.0,113.926994483548,-35.99116107236993,113.07024514559043,48.49437084545751
1228,33.409912109375,0.0,0.0,101.0,0.0,574.0,0.0,113.4890029355489,-35.38326942423918,112.60773211642461,48.878607350248714
1229,33.43994140625,0.0,0.0,101.0,0.0,577.0,0.0,113.4890029355489,-35.38326942423918,112.60773211642461,48.87860735024872
1230,33.4599609375,0.0,0.0,100.0,0.0,579.0,0.0,113.4943017318363,-35.35140065382013,112.66448628304173,48.85666525031123
1231,33.489990234375,0.0,0.0,101.0,0.0,575.0,0.0,113.4943017318363,-35.351400653820114,112.60813733384684,48.882792743720444
1232,33.510009765625,0.0,0.0,101.0,0.0,578.0,0.0,113.4943017318363,-35.35140065382011,112.60813733384684,48.88279274372045
1233,33.5400390625,0.0,0.0,101.0,0.0,575.0,0.0,113.51656363866576,-35.342967007691655,112.67294493976648,48.87074488729795
1234,33.56005859375,0.0,0.0,101.0,0.0,577.0,0.0,113.47935564128635,-35.39535826051462,112.62912761434251,48.85538798120086
1235,33.58984375,0.0,0.0,101.0,0.0,578.0,0.0,113.47935564128635,-35.39535826051462,112.62912761434251,48.855387981200856
1236,33.619873046875,0.0,0.0,100.0,0.0,578.0,0.0,113.45422295302566,-35.39368126157386,112.65919862448428,48.678997343274546
1237,33.639892578125,0.0,0.0,100.0,0.0,577.0,0.0,113.48322507398824,-35.39280694293695,112.62509512662227,48.71127847588256
1238,33.669921875,0.0,0.0,101.0,0.0,578.0,0.0,113.48322507398824,-35.39280694293695,112.62509512662227,48.71127847588256
1239,33.699951171875,0.0,0.0,101.0,0.0,577.0,0.0,113.47336816423162,-35.351461837933314,112.62461025571969,48.86188759403331
1240,33.719970703125,0.0,0.0,101.0,0.0,576.0,0.0,113.47336816423162,-35.351461837933336,112.62461025571969,48.861887594033306
1241,33.75,0.0,0.0,101.0,0.0,577.0,0.0,113.47336816423162,-35.351461837933336,112.62461025571969,48.861887594033306
1242,33.77001953125,0.0,0.0,101.0,0.0,576.0,0.0,113.54068180202412,-35.391868637185816,112.62912761434251,48.855387981200856
1243,33.800048828125,0.0,0.0,101.0,0.0,576.0,0.0,113.46296317999368,-35.37356396181971,112.63514013153682,48.874894999786484
1244,33.820068359375,0.0,0.0,101.0,0.0,579.0,0.0,113.33825445697686,-35.34074949921252,112.62339322245315,48.863001015965516
1245,33.849853515625,0.0,0.0,101.0,0.0,578.0,0.0,113.50673551710453,-35.35958363489965,112.64584738836342,48.7240080003439
1246,33.8798828125,0.0,0.0,101.0,0.0,579.0,0.0,113.50673551710453,-35.35958363489965,112.64584738836342,48.7240080003439
1247,33.89990234375,0.0,0.0,100.0,0.0,577.0,0.0,113.46350798273693,-35.39839736923809,112.62309681041734,48.897190590704085
1248,33.929931640625,0.0,0.0,101.0,0.0,577.0,0.0,113.53154368442728,-35.42050416466287,112.63287245506508,48.69744615666809
1249,33.9599609375,0.0,0.0,100.0,0.0,577.0,0.0,113.53154368442728,-35.42050416466287,112.63287245506508,48.697446156668086
1250,33.97998046875,0.0,0.0,101.0,0.0,578.0,0.0,113.57280805434878,-35.42348106723406,112.65857928673782,48.58917260153806
1251,34.010009765625,0.0,0.0,100.0,0.0,577.0,0.0,113.36161676256229,-35.4035845787615,112.66125433846298,48.69198792528714
1252,34.030029296875,0.0,0.0,101.0,0.0,576.0,0.0,113.36161676256228,-35.40358457876149,112.66125433846297,48.69198792528715
1253,34.06005859375,0.0,0.0,101.0,0.0,575.0,0.0,113.51302615451681,-35.41327174467652,112.64065777684885,48.5561226975354
1254,34.08984375,0.0,0.0,101.0,0.0,576.0,0.0,113.52158108066331,-35.42833372836802,112.666257261033,48.69841003281787
1255,34.10986328125,0.0,0.0,101.0,0.0,577.0,0.0,113.52158108066331,-35.42833372836802,112.666257261033,48.698410032817876
1256,34.139892578125,0.0,0.0,100.0,0.0,576.0,0.0,113.51388650653264,-35.41392393471518,112.66175451150339,48.54151280332855
1257,34.159912109375,0.0,0.0,101.0,0.0,576.0,0.0,113.54474397534804,-35.38975786577921,112.66968127215918,48.70612904565166
1258,34.18994140625,0.0,0.0,100.0,0.0,575.0,0.0,113.49292628798555,-35.400211328133445,112.65544501092869,48.69801689039852
1259,34.2099609375,0.0,0.0,100.0,0.0,577.0,0.0,113.54461110667509,-35.38086868210911,112.7057100766462,48.694135623746796
1260,34.239990234375,0.0,0.0,101.0,0.0,576.0,0.0,113.54461110667509,-35.38086868210911,112.7057100766462,48.694135623746796
1261,34.27001953125,0.0,0.0,101.0,0.0,575.0,0.0,113.51388650653264,-35.41392393471515,112.68347433674948,48.53134250447882
1262,34.2900390625,0.0,0.0,100.0,0.0,579.0,0.0,113.552349506789,-35.40934896708707,112.64125627563158,48.71161689898743
1263,34.320068359375,0.0,0.0,101.0,0.0,576.0,0.0,113.34236516299269,-35.41745713526485,112.66150043344777,48.518782801847934
1264,34.349853515625,0.0,0.0,101.0,0.0,577.0,0.0,113.3423651629927,-35.41745713526486,112.66150043344777,48.518782801847934
1265,34.369873046875,0.0,0.0,101.0,0.0,575.0,0.0,113.51850189932838,-35.42495581206517,112.68157797760534,48.70605116878021
1266,34.39990234375,0.0,0.0,101.0,0.0,577.0,0.0,113.51344305805455,-35.45583483245028,112.68149215448528,48.55173074654477
1267,34.419921875,0.0,0.0,100.0,0.0,577.0,0.0,113.56058780980831,-35.41463365630204,112.6878809839171,48.564745334525476
1268,34.449951171875,0.0,0.0,100.0,0.0,576.0,0.0,113.39849716180115,-35.561887109300095,112.52636936462679,48.70753264298998
1269,34.47998046875,0.0,0.0,100.0,0.0,576.0,0.0,113.39444042012337,-35.589137914275454,112.50559684306197,48.860996675428545
1270,34.5,0.0,0.0,101.0,0.0,576.0,0.0,113.39444042012337,-35.589137914275454,112.50559684306197,48.860996675428545
1271,34.530029296875,0.0,0.0,101.0,0.0,575.0,0.0,113.3847033890206,-35.58692237236603,112.53641100134635,48.65778781391555
1272,34.550048828125,0.0,0.0,101.0,0.0,577.0,0.0,113.20537516793961,-35.5558996783223,112.50522515099046,48.849600753699484
1273,34.580078125,0.0,0.0,100.0,0.0,576.0,0.0,113.33379266611135,-35.560336872513865,112.50898799225061,48.85156307904062
1274,34.60986328125,0.0,0.0,101.0,0.0,578.0,0.0,113.33379266611138,-35.56033687251389,112.50898799225061,48.85156307904061
1275,34.6298828125,0.0,0.0,100.0,0.0,577.0,0.0,113.36916607836795,-35.57740447135261,112.55316566662245,48.693381397778985
1276,34.659912109375,0.0,0.0,101.0,0.0,575.0,0.0,113.39940830958184,-35.58327073944473,112.55416400390459,48.70675260725526
1277,34.679931640625,0.0,0.0,101.0,0.0,576.0,0.0,113.35908900933578,-35.55741001861497,112.53046959272916,48.837034180355175
1278,34.7099609375,0.0,0.0,101.0,0.0,578.0,0.0,113.35908900933578,-35.55741001861497,112.53046959272916,48.837034180355175
1279,34.739990234375,0.0,0.0,102.0,0.0,576.0,0.0,113.19165010195128,-35.56341874885534,112.52710862562436,48.839869058714534
1280,34.760009765625,0.0,0.0,100.0,0.0,578.0,0.0,113.41058606927527,-35.53406588689651,112.51143674792421,48.85492986010895
1281,34.7900390625,0.0,0.0,100.0,0.0,575.0,0.0,113.40954611698007,-35.54296817074294,112.54614878464368,48.72168076179472
1282,34.81005859375,0.0,0.0,100.0,0.0,576.0,0.0,113.40954611698005,-35.542968170742924,112.54614878464368,48.72168076179473
1283,34.83984375,0.0,0.0,101.0,0.0,576.0,0.0,113.38918918921831,-35.51928903720231,112.50522515099047,48.84960075369946
1284,34.869873046875,0.0,0.0,100.0,0.0,577.0,0.0,113.40153756873048,-35.59454530257207,112.50898799225062,48.851563079040595
1285,34.889892578125,0.0,0.0,101.0,0.0,575.0,0.0,113.35054268632102,-35.544440106083655,112.51143674792421,48.85492986010897
1286,34.919921875,0.0,0.0,101.0,0.0,577.0,0.0,113.38947466307869,-35.54411252411281,112.48245149233445,48.83753786275191
1287,34.93994140625,0.0,0.0,101.0,0.0,577.0,0.0,113.3894746630787,-35.544112524112826,112.48245149233443,48.8375378627519
1288,34.969970703125,0.0,0.0,101.0,0.0,575.0,0.0,113.44834795846523,-36.16157557843846,112.60296149718108,48.4032622163392
1289,35.0,0.0,0.0,101.0,0.0,576.0,0.0,113.29374934471647,-36.34788526405331,112.6139788068854,48.420759430137004
1290,35.02001953125,0.0,0.0,101.0,0.0,576.0,0.0,113.44360593320064,-36.31534290366919,112.55592074228358,48.4379925967545
1291,35.050048828125,0.0,0.0,101.0,0.0,577.0,0.0,113.48366916309982,-36.161379865243724,112.58599588223484,48.271322235054456
1292,35.070068359375,0.0,0.0,101.0,0.0,578.0,0.0,113.44717529394403,-36.13845105208043,112.59869828333254,48.43605303449885
1293,35.099853515625,0.0,0.0,101.0,0.0,577.0,0.0,113.47574023679525,-36.147002310851896,112.58327267925178,48.417392802317366
1294,35.1298828125,0.0,0.0,100.0,0.0,575.0,0.0,113.46584872619587,-36.15477875834641,112.58327267925179,48.41739280231735
1295,35.14990234375,0.0,0.0,100.0,0.0,576.0,0.0,113.46584872619587,-36.15477875834642,112.58327267925179,48.417392802317345
1296,35.179931640625,0.0,0.0,101.0,0.0,576.0,0.0,113.44717529394404,-36.13845105208051,112.60232744800898,48.39947425199056
1297,35.199951171875,0.0,0.0,100.0,0.0,575.0,0.0,113.48264096836276,-36.194679270865514,112.57742605125591,48.423467507183894
1298,35.22998046875,0.0,0.0,100.0,0.0,575.0,0.0,113.48264096836277,-36.19467927086553,112.57742605125591,48.42346750718388
1299,35.260009765625,0.0,0.0,101.0,0.0,577.0,0.0,113.45335384607627,-36.12301083281516,112.57705383709519,48.41205425721669
1300,35.280029296875,0.0,0.0,101.0,0.0,576.0,0.0,113.45335384607627,-36.12301083281516,112.57705383709518,48.412054257216695
1301,35.31005859375,0.0,0.0,101.0,0.0,576.0,0.0,113.45555759591782,-36.187048231551124,112.58327267925179,48.41739280231732
1302,35.330078125,0.0,0.0,101.0,0.0,576.0,0.0,113.45555759591782,-36.18704823155114,112.5832726792518,48.41739280231732
1303,35.35986328125,0.0,0.0,101.0,0.0,576.0,0.0,113.44132231984942,-36.364818129649166,112.58860764601135,48.423337451022164
1304,35.389892578125,0.0,0.0,101.0,0.0,577.0,0.0,113.44132231984942,-36.36481812964915,112.58860764601135,48.42333745102217
1305,35.409912109375,0.0,0.0,101.0,0.0,575.0,0.0,113.42237309550512,-36.18046460794323,112.5924681611227,48.27562388941996
1306,35.43994140625,0.0,0.0,101.0,0.0,574.0,0.0,113.4880844515057,-36.12661783510493,112.55809538346563,48.44688757831141
1307,35.4599609375,0.0,0.0,100.0,0.0,576.0,0.0,113.43289093936664,-36.195259794811584,112.59781350708894,48.43766311771634
1308,35.489990234375,0.0,0.0,101.0,0.0,573.0,0.0,113.16627735255372,-36.22981648168738,112.53147995622736,47.92775414799976
1309,35.52001953125,0.0,0.0,101.0,0.0,578.0,0.0,113.16627735255372,-36.22981648168738,112.53147995622734,47.92775414799975
1310,35.5400390625,0.0,0.0,101.0,0.0,574.0,0.0,113.14603848869348,-36.257939669311504,112.55654096718368,47.95539608253138
1311,35.570068359375,0.0,0.0,101.0,0.0,578.0,0.0,113.14603848869348,-36.257939669311504,112.55654096718368,47.95539608253138
1312,35.58984375,0.0,0.0,101.0,0.0,573.0,0.0,113.16627735255372,-36.22981648168738,112.59758547125573,47.9267786867049
1313,35.619873046875,0.0,0.0,102.0,0.0,575.0,0.0,113.34344842984228,-36.22022873496157,112.52927695061035,47.975958395778214
1314,35.64990234375,0.0,0.0,101.0,0.0,575.0,0.0,113.27721995511813,-36.2912669813831,112.5503298815558,47.950077765923055
1315,35.669921875,0.0,0.0,102.0,0.0,578.0,0.0,113.3192057291014,-36.21456854228514,112.55789509131799,47.8085957318464
1316,35.699951171875,0.0,0.0,101.0,0.0,576.0,0.0,113.29235343811013,-36.2640267248799,112.57898458079725,47.793946858803494
1317,35.719970703125,0.0,0.0,101.0,0.0,575.0,0.0,113.29419700678343,-36.25474794990757,112.55582899092258,47.99430958944184
1318,35.75,0.0,0.0,101.0,0.0,577.0,0.0,113.31026135126092,-36.276111126169496,112.5920896727238,47.820885417858364
1319,35.780029296875,0.0,0.0,101.0,0.0,576.0,0.0,113.31026135126093,-36.27611112616951,112.5920896727238,47.820885417858364
1320,35.800048828125,0.0,0.0,101.0,0.0,577.0,0.0,113.34960683898231,-36.243228431038446,112.55654096718371,47.95539608253135
1321,35.830078125,0.0,0.0,100.0,0.0,574.0,0.0,113.34242092606083,-36.22910244267771,112.53378969665637,47.93097441195908
1322,35.849853515625,0.0,0.0,101.0,0.0,576.0,0.0,113.34242092606083,-36.22910244267772,112.53378969665637,47.93097441195907
1323,35.8798828125,0.0,0.0,101.0,0.0,580.0,0.0,113.13462821755283,-36.267477815885606,112.53512312115473,47.96990768167182
1324,35.909912109375,0.0,0.0,101.0,0.0,575.0,0.0,113.13462821755283,-36.26747781588559,112.53512312115473,47.96990768167183
1325,35.929931640625,0.0,0.0,102.0,0.0,575.0,0.0,113.31698191253719,-36.24532966902169,112.5285323984158,47.9656917810055
1326,35.9599609375,0.0,0.0,102.0,0.0,576.0,0.0,113.32875531404224,-36.225939236452746,112.57127514197137,47.80819113277517
1327,35.97998046875,0.0,0.0,100.0,0.0,576.0,0.0,113.31683494433946,-36.25485038130638,112.5507151753226,47.96145797940159
1328,36.010009765625,0.0,0.0,101.0,0.0,577.0,0.0,113.52991117540904,-35.796897197580364,112.64007961523637,48.704480715123296
1329,36.0400390625,0.0,0.0,101.0,0.0,576.0,0.0,113.35811466695884,-35.813252295108086,112.65286974371669,48.71408133752535
1330,36.06005859375,0.0,0.0,101.0,0.0,576.0,0.0,113.35811466695884,-35.813252295108086,112.6528697437167,48.71408133752534
1331,36.08984375,0.0,0.0,101.0,0.0,574.0,0.0,113.55577355415402,-35.81337861622742,112.668284989084,48.73273616897775
1332,36.10986328125,0.0,0.0,101.0,0.0,575.0,0.0,113.52823682699915,-35.77731128870868,112.62479268060494,48.724373587463965
1333,36.139892578125,0.0,0.0,100.0,0.0,575.0,0.0,113.52823682699915,-35.77731128870868,112.62479268060494,48.724373587463965
1334,36.169921875,0.0,0.0,101.0,0.0,577.0,0.0,113.3862971501184,-35.809299857380346,112.65065131268506,48.71116787741449
1335,36.18994140625,0.0,0.0,101.0,0.0,577.0,0.0,113.53603004623622,-35.791455962700496,112.6613189036221,48.72832279403962
1336,36.219970703125,0.0,0.0,101.0,0.0,572.0,0.0,113.54792619462097,-35.81505090777791,112.64665456902992,48.70874395138683
1337,36.239990234375,0.0,0.0,101.0,0.0,574.0,0.0,113.54792619462097,-35.815050907777895,112.64665456902992,48.70874395138683
1338,36.27001953125,0.0,0.0,102.0,0.0,574.0,0.0,113.54817651662714,-35.812113283364454,112.64629477379908,48.70981808912096
1339,36.2900390625,0.0,0.0,101.0,0.0,575.0,0.0,113.52889485452671,-35.80585631014661,112.64848740118806,48.718710165545794
1340,36.320068359375,0.0,0.0,100.0,0.0,575.0,0.0,113.56603879323085,-35.84328930180645,112.6640818778555,48.55821456248384
1341,36.349853515625,0.0,0.0,102.0,0.0,575.0,0.0,113.56603879323085,-35.84328930180645,112.6640818778555,48.55821456248384
1342,36.369873046875,0.0,0.0,101.0,0.0,576.0,0.0,113.50239967042661,-35.82046113999232,112.6404281341597,48.71588794794502
1343,36.39990234375,0.0,0.0,101.0,0.0,574.0,0.0,113.52946520469841,-35.806001290505776,112.65286974371668,48.71408133752537
1344,36.429931640625,0.0,0.0,101.0,0.0,577.0,0.0,113.53603004623622,-35.79145596270041,112.64629477379907,48.709818089120965
1345,36.449951171875,0.0,0.0,100.0,0.0,575.0,0.0,113.52000544148797,-35.819300741484525,112.64629477379907,48.70981808912097
1346,36.47998046875,0.0,0.0,101.0,0.0,575.0,0.0,113.52000544148797,-35.819300741484525,112.64629477379907,48.70981808912097
1347,36.5,0.0,0.0,101.0,0.0,578.0,0.0,113.54702495870862,-35.84573048852414,112.65286974371668,48.71408133752538
1348,36.530029296875,0.0,0.0,101.0,0.0,576.0,0.0,113.46547712579823,-35.96260002146391,112.81973878887223,48.089843693071344
1349,36.550048828125,0.0,0.0,101.0,0.0,573.0,0.0,113.46547712579823,-35.96260002146394,112.81973878887224,48.089843693071344
1350,36.580078125,0.0,0.0,101.0,0.0,576.0,0.0,113.58205800454735,-35.98380035169377,112.76752151151213,48.204245940652925
1351,36.60986328125,0.0,0.0,101.0,0.0,576.0,0.0,113.6009761976977,-35.98168778794038,112.7761011801472,48.238469921762686
1352,36.6298828125,0.0,0.0,101.0,0.0,577.0,0.0,113.6009761976977,-35.98168778794038,112.7761011801472,48.238469921762686
1353,36.659912109375,0.0,0.0,100.0,0.0,572.0,0.0,113.61061703007678,-35.951641026561155,112.78549249017549,48.224701172260204
1354,36.68994140625,0.0,0.0,101.0,0.0,575.0,0.0,113.65561508610378,-35.93260193605437,112.74693002333116,48.20980803029028
1355,36.7099609375,0.0,0.0,100.0,0.0,575.0,0.0,113.65561508610378,-35.932601936054354,112.74693002333115,48.20980803029029
1356,36.739990234375,0.0,0.0,101.0,0.0,576.0,0.0,113.65561508610378,-35.93260193605434,112.77890644512131,48.22045777413258
1357,36.760009765625,0.0,0.0,100.0,0.0,578.0,0.0,113.60807452426683,-35.967363306598465,112.78549249017547,48.224701172260225
1358,36.7900390625,0.0,0.0,101.0,0.0,576.0,0.0,113.62431502281542,-36.128212125450524,112.77025080705688,48.244514622936066
1359,36.81005859375,0.0,0.0,100.0,0.0,572.0,0.0,113.62431502281542,-36.12821212545051,112.77025080705688,48.244514622936066
1360,36.83984375,0.0,0.0,102.0,0.0,576.0,0.0,113.63941644177021,-36.133330093835845,112.79125612125381,48.09140767561786
1361,36.869873046875,0.0,0.0,100.0,0.0,574.0,0.0,113.58505053461826,-36.163709436344384,112.79339973480897,48.0999948256484
1362,36.889892578125,0.0,0.0,101.0,0.0,577.0,0.0,113.62070022763794,-35.96709601442634,112.76951427796843,48.23424733571192
1363,36.919921875,0.0,0.0,101.0,0.0,574.0,0.0,113.627708015705,-35.95802387543631,112.77970129766209,48.0713003238518
1364,36.949951171875,0.0,0.0,101.0,0.0,576.0,0.0,113.627708015705,-35.9580238754363,112.77970129766207,48.0713003238518
1365,36.969970703125,0.0,0.0,100.0,0.0,573.0,0.0,113.66162917992254,-35.961150207144016,112.81787516283457,48.23810846500429
1366,37.0,0.0,0.0,100.0,0.0,576.0,0.0,113.6272494952415,-35.952585924462966,112.80826870465555,48.06326338757153
1367,37.02001953125,0.0,0.0,101.0,0.0,574.0,0.0,113.64563234996284,-36.11634738036825,112.79752848142007,48.22398029003029
1368,37.050048828125,0.0,0.0,100.0,0.0,573.0,0.0,112.90697380198228,-35.63231568280447,112.2705842702243,48.52430154204203
1369,37.080078125,0.0,0.0,101.0,0.0,575.0,0.0,112.88027293052613,-35.718533070173216,112.2713232005404,48.534609022287874
1370,37.099853515625,0.0,0.0,101.0,0.0,576.0,0.0,112.88027293052613,-35.718533070173216,112.2713232005404,48.534609022287874
1371,37.1298828125,0.0,0.0,101.0,0.0,574.0,0.0,113.0738155328864,-35.687761339861446,112.25940712096771,48.53796375289603
1372,37.14990234375,0.0,0.0,101.0,0.0,576.0,0.0,113.0738155328864,-35.687761339861446,112.25940712096771,48.53796375289603
1373,37.179931640625,0.0,0.0,101.0,0.0,575.0,0.0,113.10384232504427,-35.712963456805134,112.24913952599115,48.5388427168568
1374,37.2099609375,0.0,0.0,101.0,0.0,573.0,0.0,113.10384232504427,-35.712963456805134,112.24913952599115,48.5388427168568
1375,37.22998046875,0.0,0.0,101.0,0.0,576.0,0.0,112.8976902741449,-35.690756391448495,112.27715109677717,48.52854754136488
1376,37.260009765625,0.0,0.0,101.0,0.0,575.0,0.0,112.89769027414489,-35.690756391448474,112.27715109677717,48.52854754136489
1377,37.280029296875,0.0,0.0,101.0,0.0,575.0,0.0,113.10660849978,-35.65853753206335,112.29167523321112,48.5487464933358
1378,37.31005859375,0.0,0.0,101.0,0.0,573.0,0.0,113.04126867613844,-35.65558017565736,112.24953586065706,48.36181092245081
1379,37.33984375,0.0,0.0,101.0,0.0,576.0,0.0,113.04856327311536,-35.65319491754973,112.2495404653983,48.53774111870565
1380,37.35986328125,0.0,0.0,101.0,0.0,576.0,0.0,113.04856327311536,-35.65319491754973,112.2495404653983,48.53774111870565
1381,37.389892578125,0.0,0.0,101.0,0.0,576.0,0.0,113.05888492622358,-35.68835236882265,112.23710332043356,48.539575919252066
1382,37.409912109375,0.0,0.0,101.0,0.0,575.0,0.0,113.06005824267945,-35.688018812871974,112.26473553978889,48.530362283967065
1383,37.43994140625,0.0,0.0,100.0,0.0,575.0,0.0,113.06005824267946,-35.68801881287199,112.26473553978892,48.53036228396706
1384,37.469970703125,0.0,0.0,100.0,0.0,575.0,0.0,113.07081018010886,-35.863552696534576,112.22069747994735,48.52044746624592
1385,37.489990234375,0.0,0.0,101.0,0.0,575.0,0.0,113.08140281755874,-35.678920554352025,112.27094221053562,48.523229705641754
1386,37.52001953125,0.0,0.0,101.0,0.0,575.0,0.0,112.92622832944565,-35.72673007494315,112.23591182588268,48.54210947977862
1387,37.5400390625,0.0,0.0,101.0,0.0,577.0,0.0,112.92622832944565,-35.72673007494315,112.23591182588268,48.54210947977861
1388,37.570068359375,0.0,0.0,101.0,0.0,575.0,0.0,113.84780621317925,-36.32636281425228,112.85828718332756,48.18539027760676
1389,37.599853515625,0.0,0.0,101.0,0.0,577.0,0.0,113.84780621317925,-36.32636281425228,112.85828718332756,48.18539027760676
1390,37.619873046875,0.0,0.0,100.0,0.0,574.0,0.0,113.83007274264978,-36.27663583122574,112.88582694466469,48.037272754928026
1391,37.64990234375,0.0,0.0,101.0,0.0,575.0,0.0,113.83936746531022,-36.263193611217396,112.8915000405755,48.17809707968901
1392,37.669921875,0.0,0.0,101.0,0.0,574.0,0.0,113.83936746531022,-36.26319361121741,112.8915000405755,48.17809707968901
1393,37.699951171875,0.0,0.0,101.0,0.0,575.0,0.0,113.84417648841199,-36.452202095830884,112.88666810549081,48.22349287684564
1394,37.72998046875,0.0,0.0,101.0,0.0,575.0,0.0,113.68289494527033,-36.336295684441616,112.89256805995414,48.18047772993636
1395,37.75,0.0,0.0,101.0,0.0,575.0,0.0,113.68289494527033,-36.336295684441644,112.89256805995414,48.18047772993635
1396,37.780029296875,0.0,0.0,101.0,0.0,576.0,0.0,113.66983254292185,-36.307119358578774,112.86487953705134,48.18962746347684
1397,37.800048828125,0.0,0.0,100.0,0.0,573.0,0.0,113.65553489254273,-36.300509320329134,112.89256805995414,48.18047772993635
1398,37.830078125,0.0,0.0,101.0,0.0,574.0,0.0,113.66261831337232,-36.31507227131039,112.88597699601384,48.17620923331399
1399,37.85986328125,0.0,0.0,101.0,0.0,576.0,0.0,113.8198013429441,-36.32343193061215,112.8539007492935,48.165475581583166
1400,37.8798828125,0.0,0.0,101.0,0.0,573.0,0.0,113.8198013429441,-36.32343193061215,112.8539007492935,48.165475581583166
1401,37.909912109375,0.0,0.0,101.0,0.0,576.0,0.0,113.83388371088746,-36.30048405724398,112.8853108255753,48.00912051055638
1402,37.929931640625,0.0,0.0,100.0,0.0,575.0,0.0,113.82702582131192,-36.307996629187734,112.85462655296719,48.17575460356543
1403,37.9599609375,0.0,0.0,101.0,0.0,577.0,0.0,113.67674991254884,-36.29231683021076,112.88830795705226,48.026830675188705
1404,37.989990234375,0.0,0.0,100.0,0.0,573.0,0.0,113.64290309907963,-36.26825805950823,112.83495159595422,48.16986071644287
1405,38.010009765625,0.0,0.0,101.0,0.0,576.0,0.0,113.64290309907963,-36.26825805950824,112.83495159595422,48.16986071644286
1406,38.0400390625,0.0,0.0,100.0,0.0,575.0,0.0,113.8457620219078,-36.27148935458151,112.87074654854915,48.18357516541028
1407,38.06005859375,0.0,0.0,101.0,0.0,575.0,0.0,113.85095090563692,-36.26545761219925,112.86324099194019,48.151662145018186
1408,38.08984375,0.0,0.0,101.0,0.0,574.0,0.0,113.80911288563448,-35.8992987549472,112.98484065536671,48.3143407303306
1409,38.119873046875,0.0,0.0,100.0,0.0,575.0,0.0,113.8648770473149,-35.92725787553734,112.94065480242051,48.44408286388515
1410,38.139892578125,0.0,0.0,100.0,0.0,574.0,0.0,113.8648770473149,-35.927257875537315,112.96963842637547,48.2851843619949
1411,38.169921875,0.0,0.0,102.0,0.0,576.0,0.0,113.8648770473149,-35.927257875537286,112.96963842637547,48.28518436199491
1412,38.18994140625,0.0,0.0,100.0,0.0,575.0,0.0,113.85546280197659,-35.90746776206103,112.98513591005535,48.45298280460064
1413,38.219970703125,0.0,0.0,101.0,0.0,574.0,0.0,113.84934221881417,-35.92401283561662,112.96996723296677,48.27742382695853
1414,38.25,0.0,0.0,101.0,0.0,576.0,0.0,113.84934221881417,-35.92401283561662,112.96996723296677,48.27742382695853
1415,38.27001953125,0.0,0.0,101.0,0.0,575.0,0.0,113.6749403164307,-35.91441762646105,113.0072649152094,48.28114073409468
1416,38.300048828125,0.0,0.0,101.0,0.0,573.0,0.0,113.84105296182645,-35.90418331430608,112.99869584613877,48.30520195744779
1417,38.320068359375,0.0,0.0,100.0,0.0,576.0,0.0,113.68485733501116,-35.950991011361786,112.955064329602,48.43320951481498
1418,38.349853515625,0.0,0.0,101.0,0.0,571.0,0.0,113.851286054059,-35.96492392671023,112.98687086283337,48.30591073959816
1419,38.3798828125,0.0,0.0,101.0,0.0,577.0,0.0,113.851286054059,-35.9649239267102,112.98687086283336,48.30591073959817
1420,38.39990234375,0.0,0.0,101.0,0.0,573.0,0.0,113.67187547274924,-35.92183934285646,112.97692518317207,48.312611249710734
1421,38.429931640625,0.0,0.0,100.0,0.0,578.0,0.0,113.82945512066931,-35.95932526156102,112.96986501298255,48.472830138420804
1422,38.449951171875,0.0,0.0,101.0,0.0,572.0,0.0,113.87133341015758,-35.93240198621946,112.96859104856672,48.43379565873914
1423,38.47998046875,0.0,0.0,100.0,0.0,574.0,0.0,113.87133341015758,-35.93240198621947,112.96859104856672,48.43379565873914
1424,38.510009765625,0.0,0.0,102.0,0.0,576.0,0.0,113.84105296182645,-35.904183314305996,112.99097627950148,48.446927094302026
1425,38.530029296875,0.0,0.0,100.0,0.0,575.0,0.0,113.82945512066931,-35.95932526156105,112.96953194211477,48.46144124984053
1426,38.56005859375,0.0,0.0,101.0,0.0,574.0,0.0,113.85546280197659,-35.90746776206093,112.9844018961101,48.44266579804067
1427,38.580078125,0.0,0.0,101.0,0.0,574.0,0.0,113.86050560612662,-36.09965588783137,112.97639406353619,48.281710862399216
1428,38.60986328125,0.0,0.0,101.0,0.0,572.0,0.0,113.39542488277586,-36.01465214253459,112.50839464478896,48.57939155296387
1429,38.639892578125,0.0,0.0,100.0,0.0,574.0,0.0,113.3830418126426,-36.00911479388386,112.54363785470035,48.41591568991244
1430,38.659912109375,0.0,0.0,101.0,0.0,573.0,0.0,113.3830418126426,-36.009114793883846,112.54363785470034,48.415915689912445
1431,38.68994140625,0.0,0.0,101.0,0.0,575.0,0.0,113.42362457520791,-35.98855204132173,112.53099087779694,48.412114627054464
1432,38.7099609375,0.0,0.0,100.0,0.0,574.0,0.0,113.4098991666418,-35.985370504263095,112.52060892044335,48.60463834523085
1433,38.739990234375,0.0,0.0,101.0,0.0,575.0,0.0,113.42464477441966,-35.97962201324519,112.5142626591258,48.573316983977705
1434,38.77001953125,0.0,0.0,100.0,0.0,573.0,0.0,113.42464477441966,-35.979622013245205,112.51426265912579,48.5733169839777
1435,38.7900390625,0.0,0.0,101.0,0.0,573.0,0.0,113.4407151724652,-36.0132944633754,112.51031788854986,48.43212157233483
1436,38.820068359375,0.0,0.0,100.0,0.0,574.0,0.0,113.42378880193989,-36.00859348254657,112.4829253874359,48.57296417128307
1437,38.83984375,0.0,0.0,102.0,0.0,575.0,0.0,113.42378880193989,-36.008593482546566,112.4829253874359,48.57296417128307
1438,38.869873046875,0.0,0.0,101.0,0.0,573.0,0.0,113.3841371782109,-36.02892881300657,112.5407644744237,48.39788654703432
1439,38.89990234375,0.0,0.0,100.0,0.0,573.0,0.0,113.43076934969831,-35.974194971229956,112.4799685157083,48.597654812683494
1440,38.919921875,0.0,0.0,101.0,0.0,575.0,0.0,113.22571339102527,-36.00453427835431,112.49275513426655,48.43219129106064
1441,38.949951171875,0.0,0.0,102.0,0.0,575.0,0.0,113.22571339102525,-36.004534278354285,112.49275513426655,48.43219129106065
1442,38.969970703125,0.0,0.0,100.0,0.0,574.0,0.0,113.41060593312343,-36.01421707186918,112.51427387445167,48.59269699948554
1443,39.0,0.0,0.0,100.0,0.0,575.0,0.0,113.37389541992977,-35.96620311592334,112.49850704857226,48.426384339841235
1444,39.02001953125,0.0,0.0,100.0,0.0,571.0,0.0,113.41060593312343,-36.01421707186918,112.50664340923115,48.42306848580814
1445,39.050048828125,0.0,0.0,101.0,0.0,575.0,0.0,113.36858762961478,-36.03003437933462,112.51676972040744,48.43641126664778
1446,39.080078125,0.0,0.0,101.0,0.0,574.0,0.0,113.36858762961478,-36.03003437933462,112.51676972040744,48.43641126664778
1447,39.099853515625,0.0,0.0,101.0,0.0,575.0,0.0,113.37414926425029,-35.98785640158376,112.47014207990412,48.58268058301049
1448,39.1298828125,0.0,0.0,100.0,0.0,574.0,0.0,113.83229368267219,-36.19055725464477,112.91481305993334,48.26294384801967
1449,39.159912109375,0.0,0.0,101.0,0.0,576.0,0.0,113.88118932976852,-36.247309595474384,112.91513639311093,48.2743370180777
1450,39.179931640625,0.0,0.0,101.0,0.0,571.0,0.0,113.88118932976853,-36.2473095954744,112.91513639311093,48.274337018077695
1451,39.2099609375,0.0,0.0,101.0,0.0,574.0,0.0,113.86475647123713,-36.19276690528759,112.91513639311093,48.274337018077695
1452,39.22998046875,0.0,0.0,101.0,0.0,575.0,0.0,113.69021452821559,-36.21659305968049,112.90073611376386,48.12987247624021
1453,39.260009765625,0.0,0.0,101.0,0.0,574.0,0.0,113.89359391935994,-36.23862655732226,112.91610006835501,48.08894013836555
1454,39.280029296875,0.0,0.0,101.0,0.0,574.0,0.0,113.85240149288882,-36.213220091076714,112.89102818081912,48.24851852943666
1455,39.31005859375,0.0,0.0,101.0,0.0,573.0,0.0,113.85240149288884,-36.21322009107677,112.89102818081912,48.248518529436645
1456,39.33984375,0.0,0.0,101.0,0.0,576.0,0.0,113.84044124296135,-36.24231830977414,112.91730387151667,48.28322753358204
1457,39.35986328125,0.0,0.0,101.0,0.0,575.0,0.0,113.8308080778063,-36.22816006672158,112.87737998260216,48.255558737647426
1458,39.389892578125,0.0,0.0,101.0,0.0,575.0,0.0,113.87402115642873,-36.26167077526474,112.93643322843616,48.06418151899848
1459,39.419921875,0.0,0.0,100.0,0.0,574.0,0.0,113.87402115642873,-36.26167077526474,112.93643322843616,48.06418151899849
1460,39.43994140625,0.0,0.0,101.0,0.0,574.0,0.0,113.7114306339063,-36.208407140796254,112.91974051863505,48.22926491005895
1461,39.469970703125,0.0,0.0,101.0,0.0,574.0,0.0,113.68100762028078,-36.2079360600046,112.95918829584606,48.12519024889759
1462,39.489990234375,0.0,0.0,100.0,0.0,575.0,0.0,113.87435408193673,-36.204168228358945,112.93042575338706,48.25449229701804
1463,39.52001953125,0.0,0.0,101.0,0.0,573.0,0.0,113.8939263600958,-36.201397635635786,112.9432406007113,48.10751258704956
1464,39.5400390625,0.0,0.0,101.0,0.0,574.0,0.0,113.84685856511248,-36.21880366346461,112.94564733308928,48.106995485131705
1465,39.570068359375,0.0,0.0,101.0,0.0,576.0,0.0,113.87916571922833,-36.3946651234319,112.91389579105179,48.23528776983858
1466,39.599853515625,0.0,0.0,101.0,0.0,574.0,0.0,113.87916571922833,-36.39466512343191,112.91389579105179,48.23528776983858
1467,39.619873046875,0.0,0.0,102.0,0.0,573.0,0.0,113.66826857719585,-36.286129808418885,112.90894610449902,48.26899720261858
1468,39.64990234375,0.0,0.0,100.0,0.0,576.0,0.0,113.54129668699915,-35.70618997332828,112.81259627973803,48.73955731369403
1469,39.679931640625,0.0,0.0,102.0,0.0,574.0,0.0,113.72155015757014,-35.696542081438295,112.82494367178171,48.77475114450172
1470,39.699951171875,0.0,0.0,100.0,0.0,574.0,0.0,113.53108689084382,-35.728676614250524,112.82814322920724,48.593142096664764
1471,39.72998046875,0.0,0.0,101.0,0.0,574.0,0.0,113.53108689084384,-35.72867661425054,112.82814322920724,48.59314209666476
1472,39.75,0.0,0.0,100.0,0.0,574.0,0.0,113.7143736581438,-35.71675345661381,112.8514371726472,48.605946836633635
1473,39.780029296875,0.0,0.0,101.0,0.0,574.0,0.0,113.7292559895211,-35.651468997834186,112.85050419504421,48.55998819414765
1474,39.81005859375,0.0,0.0,101.0,0.0,574.0,0.0,113.7292559895211,-35.6514689978342,112.85050419504421,48.55998819414765
1475,39.830078125,0.0,0.0,100.0,0.0,574.0,0.0,113.72010360100546,-35.66448102087862,112.8294922741595,48.57467895617687
1476,39.85986328125,0.0,0.0,101.0,0.0,573.0,0.0,113.72010360100545,-35.66448102087863,112.82949227415952,48.57467895617686
1477,39.8798828125,0.0,0.0,101.0,0.0,576.0,0.0,113.68624912542947,-35.86772585967188,112.8290342353481,48.75869601821629
1478,39.909912109375,0.0,0.0,101.0,0.0,574.0,0.0,113.76823485093678,-35.67625286507831,112.82949227415952,48.57467895617686
1479,39.93994140625,0.0,0.0,101.0,0.0,572.0,0.0,113.76823485093678,-35.676252865078325,112.82949227415952,48.57467895617686
1480,39.9599609375,0.0,0.0,101.0,0.0,574.0,0.0,113.55034635848416,-35.68341456727738,112.8419961932137,48.584042649353
1481,39.989990234375,0.0,0.0,100.0,0.0,575.0,0.0,113.69010114577064,-35.672608781322886,112.8290342353481,48.75869601821628
1482,40.010009765625,0.0,0.0,101.0,0.0,574.0,0.0,113.69010114577064,-35.67260878132286,112.8290342353481,48.758696018216284
1483,40.0400390625,0.0,0.0,101.0,0.0,573.0,0.0,113.55847576838809,-35.69740947301175,112.82368610929205,48.590264604945034
1484,40.070068359375,0.0,0.0,101.0,0.0,574.0,0.0,113.72621842230505,-35.65906325166839,112.84917469577421,48.5784834486185
1485,40.08984375,0.0,0.0,100.0,0.0,573.0,0.0,113.72621842230504,-35.65906325166841,112.84917469577421,48.57848344861849
1486,40.119873046875,0.0,0.0,101.0,0.0,575.0,0.0,113.75470302730383,-35.673155790430215,112.80673632786572,48.745581922646466
1487,40.139892578125,0.0,0.0,101.0,0.0,575.0,0.0,113.75470302730382,-35.6731557904302,112.80673632786574,48.745581922646466
1488,40.169921875,0.0,0.0,101.0,0.0,575.0,0.0,114.0328416198257,-35.4819229964452,113.06796002309562,48.57273532057435
1489,40.199951171875,0.0,0.0,101.0,0.0,571.0,0.0,114.03284161982573,-35.481922996445235,113.06796002309562,48.57273532057434
1490,40.219970703125,0.0,0.0,101.0,0.0,574.0,0.0,114.05370745744563,-35.47076806250245,113.07411471577856,48.56613234906549
1491,40.25,0.0,0.0,101.0,0.0,573.0,0.0,114.05370745744563,-35.47076806250247,113.07411471577856,48.566132349065484
1492,40.27001953125,0.0,0.0,101.0,0.0,574.0,0.0,114.06103583617511,-35.48988679087861,113.09030060222074,48.7232102950203
1493,40.300048828125,0.0,0.0,101.0,0.0,573.0,0.0,114.06103583617512,-35.48988679087862,113.09030060222074,48.7232102950203
1494,40.330078125,0.0,0.0,100.0,0.0,574.0,0.0,114.01611036740809,-35.53747321596654,113.10190218887192,48.54804749797085
1495,40.349853515625,0.0,0.0,101.0,0.0,573.0,0.0,114.06816235292983,-35.534113651641555,113.10967874850607,48.53390070914455
1496,40.3798828125,0.0,0.0,101.0,0.0,573.0,0.0,114.06816235292985,-35.53411365164157,113.10967874850607,48.53390070914454
1497,40.39990234375,0.0,0.0,101.0,0.0,573.0,0.0,114.04815078067098,-35.481916957526785,113.08163661866826,48.72795678349058
1498,40.429931640625,0.0,0.0,101.0,0.0,574.0,0.0,114.03675654203917,-35.52462034595039,113.05937840715157,48.714839343889516
1499,40.4599609375,0.0,0.0,101.0,0.0,574.0,0.0,114.08801709193658,-35.49437238941653,113.08191251319327,48.55197600635799
1500,40.47998046875,0.0,0.0,101.0,0.0,575.0,0.0,114.03960305971454,-35.52493744572499,113.08656028350869,48.6943438797765
1501,40.510009765625,0.0,0.0,101.0,0.0,573.0,0.0,114.03960305971454,-35.52493744572496,113.08656028350867,48.69434387977651
1502,40.530029296875,0.0,0.0,100.0,0.0,574.0,0.0,114.0081616674052,-35.52373668124279,113.12592409698856,48.55228013391222
1503,40.56005859375,0.0,0.0,101.0,0.0,573.0,0.0,114.04824654682312,-35.48364383383026,113.08652678784469,48.5688686338507
1504,40.58984375,0.0,0.0,101.0,0.0,576.0,0.0,113.99501871561806,-35.57221475764361,113.07650594524988,48.54999094597389
1505,40.60986328125,0.0,0.0,100.0,0.0,573.0,0.0,113.99501871561806,-35.57221475764361,113.07650594524988,48.54999094597389
1506,40.639892578125,0.0,0.0,101.0,0.0,574.0,0.0,114.07355608345424,-35.49472857285144,113.0858737196985,48.57189013620119
1507,40.659912109375,0.0,0.0,100.0,0.0,575.0,0.0,114.04924477948975,-35.55944699357267,113.10290876136614,48.53735155361007
1508,40.68994140625,0.0,0.0,100.0,0.0,573.0,0.0,113.39901957217482,-35.70631313991359,112.60005815333832,48.56707349091638
1509,40.719970703125,0.0,0.0,101.0,0.0,573.0,0.0,113.47966172482857,-35.70483540419567,112.52558717066827,48.69790460348103
1510,40.739990234375,0.0,0.0,101.0,0.0,573.0,0.0,113.47966172482857,-35.70483540419563,112.52558717066827,48.69790460348104
1511,40.77001953125,0.0,0.0,101.0,0.0,574.0,0.0,113.27640458970893,-35.672258613121215,112.62361074015922,48.533932280896245
1512,40.7900390625,0.0,0.0,100.0,0.0,572.0,0.0,113.44529839783128,-35.74978759089886,112.5481252284483,48.711121059389896
1513,40.820068359375,0.0,0.0,101.0,0.0,574.0,0.0,113.44925956460173,-35.712082654301796,112.56088130182806,48.7206662253162
1514,40.849853515625,0.0,0.0,100.0,0.0,573.0,0.0,113.44925956460173,-35.71208265430181,112.56088130182806,48.7206662253162
1515,40.869873046875,0.0,0.0,101.0,0.0,573.0,0.0,113.43187873486475,-35.701403502933275,112.5838462916749,48.54869128693378
1516,40.89990234375,0.0,0.0,101.0,0.0,575.0,0.0,113.43918283290071,-35.67167886690822,112.57812083228775,48.554485052773295
1517,40.919921875,0.0,0.0,101.0,0.0,574.0,0.0,113.42346359414057,-35.72409421533049,112.57063824753794,48.5478761567391
1518,40.949951171875,0.0,0.0,101.0,0.0,575.0,0.0,113.42346359414057,-35.72409421533049,112.57063824753794,48.5478761567391
1519,40.97998046875,0.0,0.0,101.0,0.0,574.0,0.0,113.48299467052729,-35.71653362872489,112.57533238776169,48.690524180026266
1520,41.0,0.0,0.0,101.0,0.0,575.0,0.0,113.41598298075009,-35.714032411215165,112.60394531395734,48.55774520903371
1521,41.030029296875,0.0,0.0,101.0,0.0,571.0,0.0,113.44319119634127,-35.6899818089432,112.56387465532379,48.564395230874545
1522,41.050048828125,0.0,0.0,101.0,0.0,573.0,0.0,113.42131662426922,-35.69895050087597,112.5684202921667,48.69419619425556
1523,41.080078125,0.0,0.0,101.0,0.0,572.0,0.0,113.42131662426924,-35.698950500876,112.56842029216672,48.694196194255554
1524,41.10986328125,0.0,0.0,100.0,0.0,576.0,0.0,113.44623343609047,-35.70468459863577,112.57812083228777,48.554485052773266
1525,41.1298828125,0.0,0.0,100.0,0.0,573.0,0.0,113.43068258123063,-35.685431375676494,112.57043768069869,48.72423554955456
1526,41.159912109375,0.0,0.0,101.0,0.0,574.0,0.0,113.42873752218233,-35.70809185562751,112.56962185476661,48.55858136720936
1527,41.179931640625,0.0,0.0,102.0,0.0,572.0,0.0,113.42873752218233,-35.708091855627494,112.5696218547666,48.55858136720936
1528,41.2099609375,0.0,0.0,100.0,0.0,571.0,0.0,113.7376396907194,-36.03971066196254,112.87319511669858,48.096373690762476
1529,41.239990234375,0.0,0.0,100.0,0.0,570.0,0.0,113.70957550251148,-36.06744793141241,112.86435201419589,48.246087639453506
1530,41.260009765625,0.0,0.0,101.0,0.0,572.0,0.0,113.70957550251147,-36.067447931412424,112.86435201419587,48.2460876394535
1531,41.2900390625,0.0,0.0,101.0,0.0,574.0,0.0,113.73340607485547,-36.02340338343836,112.93226919987137,48.08992022756361
1532,41.31005859375,0.0,0.0,101.0,0.0,573.0,0.0,113.73340607485547,-36.023403383438385,112.93226919987137,48.08992022756361
1533,41.33984375,0.0,0.0,101.0,0.0,575.0,0.0,113.71758169482747,-36.115811157657845,112.85424296893228,48.101340511061665
1534,41.369873046875,0.0,0.0,101.0,0.0,573.0,0.0,113.76226269966281,-36.05096663747686,112.86428117286225,48.12025467856291
1535,41.389892578125,0.0,0.0,100.0,0.0,573.0,0.0,113.68728331393584,-36.07434060567167,112.87690124029035,48.12407397321446
1536,41.419921875,0.0,0.0,101.0,0.0,572.0,0.0,113.73340607485548,-36.023403383438456,112.86676560040345,48.09208857456335
1537,41.43994140625,0.0,0.0,101.0,0.0,574.0,0.0,113.73340607485548,-36.02340338343849,112.86676560040347,48.09208857456335
1538,41.469970703125,0.0,0.0,100.0,0.0,573.0,0.0,113.7086215618877,-36.06510396565543,112.8876524978055,48.237716334655076
1539,41.5,0.0,0.0,100.0,0.0,573.0,0.0,113.76061313722924,-36.00795289540386,112.87126327751854,48.242420180276085
1540,41.52001953125,0.0,0.0,101.0,0.0,574.0,0.0,113.72334740388929,-36.05927009521133,112.86460921091629,48.11247397401082
1541,41.550048828125,0.0,0.0,100.0,0.0,573.0,0.0,113.7233474038893,-36.05927009521137,112.86460921091629,48.11247397401081
1542,41.570068359375,0.0,0.0,101.0,0.0,572.0,0.0,113.69253185874123,-36.073204576051914,112.87927749262857,48.10145060913993
1543,41.599853515625,0.0,0.0,101.0,0.0,574.0,0.0,113.72941943826126,-36.053930366637424,112.87590395135086,48.13482847884523
1544,41.6298828125,0.0,0.0,101.0,0.0,572.0,0.0,113.72504935773028,-36.06401939866476,112.88745229732898,48.08517874514713
1545,41.64990234375,0.0,0.0,101.0,0.0,575.0,0.0,113.73861515963097,-36.01738001216233,112.87517996741033,48.12471168118845
1546,41.679931640625,0.0,0.0,101.0,0.0,573.0,0.0,113.73861515963097,-36.01738001216233,112.87517996741033,48.12471168118845
1547,41.699951171875,0.0,0.0,101.0,0.0,573.0,0.0,113.71074955664075,-36.05624006086403,112.84406043991635,48.26297650528144
1548,41.72998046875,0.0,0.0,101.0,0.0,573.0,0.0,113.77601704672497,-35.48693229453756,112.79727740089892,48.70921245063388
1549,41.75,0.0,0.0,101.0,0.0,574.0,0.0,113.7615081482397,-35.58129140082116,112.81080796172913,48.68925295472011
1550,41.780029296875,0.0,0.0,101.0,0.0,573.0,0.0,113.7615081482397,-35.58129140082116,112.81080796172913,48.68925295472011
1551,41.81005859375,0.0,0.0,101.0,0.0,572.0,0.0,113.75825674179109,-35.536533140319484,112.81080796172913,48.68925295472011
1552,41.830078125,0.0,0.0,101.0,0.0,574.0,0.0,113.76967443095374,-35.53854784402866,112.804388021113,48.684964405806255
1553,41.85986328125,0.0,0.0,101.0,0.0,569.0,0.0,113.588913878699,-35.546266066759394,112.80667321733178,48.73120748135233
1554,41.889892578125,0.0,0.0,101.0,0.0,574.0,0.0,113.78558704645246,-35.51086287824327,112.78737326270294,48.849767522661566
1555,41.909912109375,0.0,0.0,101.0,0.0,573.0,0.0,113.78558704645246,-35.510862878243316,112.78737326270294,48.84976752266155
