,time,left_pwm,right_pwm,left_pressure,right_pressure,left_flex,right_flex,base_pos_x,base_pos_y,tip_pos_x,tip_pos_y
0,0.0,0.0,0.0,101.0,0.0,601.0,0.0,113.06460355523804,-35.49177237448962,112.3609201118217,48.99649352280898
1,0.030029296875,0.0,0.0,101.0,0.0,598.0,0.0,113.06460355523801,-35.49177237448958,112.3609201118217,48.996493522809
2,0.050048828125,0.0,0.0,101.0,0.0,599.0,0.0,113.69429196052977,-35.74519555113481,112.95365020644374,48.59776657306723
3,0.080078125,0.0,0.0,101.0,0.0,600.0,0.0,113.69429196052977,-35.74519555113481,112.95365020644373,48.597766573067226
4,0.110107421875,0.0,0.0,101.0,0.0,601.0,0.0,113.67943594237148,-35.71645427363772,112.97402256301864,48.590111970373776
5,0.130126953125,0.0,0.0,100.0,0.0,599.0,0.0,113.67073479558141,-35.70587478539259,112.940238923561,48.57709973474711
6,0.159912109375,0.0,0.0,100.0,0.0,599.0,0.0,113.67073479558141,-35.70587478539259,112.940238923561,48.57709973474711
7,0.18994140625,0.0,0.0,101.0,0.0,599.0,0.0,113.65150247639181,-35.73353476554316,112.9878219945858,48.6012847957411
8,0.2099609375,0.0,0.0,101.0,0.0,601.0,0.0,113.69186921798112,-35.891817807725545,112.94700043736105,48.57280252596678
9,0.239990234375,0.0,0.0,101.0,0.0,599.0,0.0,113.67976676140071,-35.65797177385292,112.96725918618363,48.59445082072615
10,0.260009765625,0.0,0.0,101.0,0.0,600.0,0.0,113.67976676140071,-35.65797177385292,112.96725918618363,48.59445082072615
11,0.2900390625,0.0,0.0,101.0,0.0,600.0,0.0,113.67073479558141,-35.7058747853926,112.94719294186893,48.56202928890884
12,0.31005859375,0.0,0.0,102.0,0.0,599.0,0.0,113.69049816689983,-35.70356499124493,112.96011582745216,48.57125140443409
13,0.340087890625,0.0,0.0,101.0,0.0,598.0,0.0,113.69985618641154,-35.85396295204777,112.93309341820714,48.55395253110545
14,0.3701171875,0.0,0.0,101.0,0.0,600.0,0.0,113.69985618641154,-35.85396295204776,112.93309341820714,48.55395253110546
15,0.39013671875,0.0,0.0,101.0,0.0,599.0,0.0,113.552565907537,-35.71133354237537,112.94680252004902,48.571095842592456
16,0.419921875,0.0,0.0,101.0,0.0,600.0,0.0,113.72272035979881,-35.87189687234026,112.95356494545979,48.56677780329467
17,0.449951171875,0.0,0.0,100.0,0.0,598.0,0.0,113.72272035979881,-35.87189687234023,112.95356494545979,48.56677780329468
18,0.469970703125,0.0,0.0,100.0,0.0,597.0,0.0,113.5173751014652,-35.72133886019156,112.92202256006074,48.58608464535767
19,0.5,0.0,0.0,101.0,0.0,598.0,0.0,113.72387153724566,-35.672599475053836,112.97402256301862,48.5901119703738
20,0.52001953125,0.0,0.0,101.0,0.0,599.0,0.0,113.53835528710692,-35.73617071271846,112.92202256006074,48.58608464535768
21,0.550048828125,0.0,0.0,101.0,0.0,598.0,0.0,113.70691375737651,-35.6945929661614,112.94695650669416,48.57285304092139
22,0.570068359375,0.0,0.0,101.0,0.0,598.0,0.0,113.68425547773823,-35.8208699052424,112.9233541465239,48.89795348646773
23,0.60009765625,0.0,0.0,101.0,0.0,601.0,0.0,113.62003372197975,-35.90262841249323,112.89667744615264,48.87136282408775
24,0.630126953125,0.0,0.0,101.0,0.0,599.0,0.0,113.62003372197975,-35.90262841249323,112.89667744615264,48.871362824087754
25,0.650146484375,0.0,0.0,101.0,0.0,601.0,0.0,113.66820268280445,-35.823946122302225,112.93530075682456,48.854642631706774
26,0.679931640625,0.0,0.0,100.0,0.0,599.0,0.0,113.65505212554241,-35.86835861300648,112.92890141761666,48.8501204857907
27,0.7099609375,0.0,0.0,101.0,0.0,600.0,0.0,113.65505212554241,-35.86835861300649,112.92890141761666,48.8501204857907
28,0.72998046875,0.0,0.0,100.0,0.0,600.0,0.0,113.6317920471487,-35.870612369747874,112.88316684474961,48.85061863006321
29,0.760009765625,0.0,0.0,100.0,0.0,600.0,0.0,113.61759408656945,-35.899862833678256,112.90142873006545,48.84159784720068
30,0.780029296875,0.0,0.0,101.0,0.0,599.0,0.0,113.63036939348387,-35.91203296404778,112.9018175950666,48.83253223508372
31,0.81005859375,0.0,0.0,101.0,0.0,599.0,0.0,113.63203953463265,-35.88857020009358,112.92161056144178,48.858087219718946
32,0.830078125,0.0,0.0,101.0,0.0,601.0,0.0,113.63203953463264,-35.88857020009357,112.92161056144178,48.858087219718946
33,0.860107421875,0.0,0.0,101.0,0.0,600.0,0.0,113.68425547773822,-35.82086990524237,112.92335414652389,48.897953486467735
34,0.89013671875,0.0,0.0,102.0,0.0,601.0,0.0,113.6467977756452,-35.85970508932577,112.87634548375905,48.85496214004168
35,0.909912109375,0.0,0.0,101.0,0.0,598.0,0.0,113.6115997196445,-35.86248347018115,112.90142873006543,48.8415978472007
36,0.93994140625,0.0,0.0,101.0,0.0,597.0,0.0,113.6115997196445,-35.86248347018115,112.90142873006543,48.841597847200696
37,0.969970703125,0.0,0.0,100.0,0.0,597.0,0.0,113.64069352049347,-35.8651035973044,112.89503888077313,48.836856416859554
38,0.989990234375,0.0,0.0,101.0,0.0,599.0,0.0,113.61109327976028,-35.88870162271541,112.90371208191944,48.86351233202978
39,1.02001953125,0.0,0.0,101.0,0.0,600.0,0.0,113.63694636734641,-35.88206800222092,112.90839856845395,48.82647483625701
40,1.0400390625,0.0,0.0,101.0,0.0,600.0,0.0,113.65821513231452,-35.86166265285815,112.90400922979104,48.88391086223286
41,1.070068359375,0.0,0.0,100.0,0.0,598.0,0.0,113.65821513231452,-35.861662652858136,112.90400922979104,48.88391086223287
42,1.090087890625,0.0,0.0,101.0,0.0,597.0,0.0,113.7410966241224,-35.66673347549244,113.00126346182208,48.72642946456815
43,1.1201171875,0.0,0.0,101.0,0.0,600.0,0.0,113.7410966241224,-35.666733475492485,113.00126346182208,48.72642946456814
44,1.150146484375,0.0,0.0,100.0,0.0,598.0,0.0,113.78558691395284,-35.58738921472077,112.99488881946876,48.72168691795762
45,1.169921875,0.0,0.0,100.0,0.0,599.0,0.0,113.78558691395284,-35.58738921472076,112.99488881946876,48.721686917957626
46,1.199951171875,0.0,0.0,101.0,0.0,599.0,0.0,113.7414951554303,-35.64375733493995,112.99488881946876,48.72168691795762
47,1.22998046875,0.0,0.0,100.0,0.0,598.0,0.0,113.73595337334964,-35.64908415769653,112.9694564172945,48.74404540632105
48,1.25,0.0,0.0,100.0,0.0,599.0,0.0,113.77998078098557,-35.63010899210988,112.9805666832807,48.71186209529266
49,1.280029296875,0.0,0.0,101.0,0.0,599.0,0.0,113.77998078098557,-35.63010899210987,112.9805666832807,48.71186209529266
50,1.300048828125,0.0,0.0,100.0,0.0,598.0,0.0,113.75605047308042,-35.654014998282975,112.99488881946876,48.721686917957626
51,1.330078125,0.0,0.0,101.0,0.0,600.0,0.0,113.81398968214145,-35.59927018000283,112.96817702137125,48.771124655199465
52,1.360107421875,0.0,0.0,101.0,0.0,600.0,0.0,113.79324195553859,-35.658553674038856,112.988121436617,48.72599641150377
53,1.380126953125,0.0,0.0,101.0,0.0,599.0,0.0,113.62726717922847,-35.65821065079912,113.00126346182208,48.72642946456814
54,1.409912109375,0.0,0.0,101.0,0.0,599.0,0.0,113.62726717922847,-35.65821065079915,113.00126346182209,48.72642946456813
55,1.429931640625,0.0,0.0,101.0,0.0,596.0,0.0,113.78805261284525,-35.639844813058374,113.00155372945639,48.74670169443612
56,1.4599609375,0.0,0.0,101.0,0.0,600.0,0.0,113.75506269919981,-35.662943879823665,113.00155372945639,48.74670169443612
57,1.489990234375,0.0,0.0,100.0,0.0,600.0,0.0,113.74927279128576,-35.65248040971304,113.03491781357826,48.76880046863476
58,1.510009765625,0.0,0.0,101.0,0.0,597.0,0.0,113.74927279128576,-35.65248040971306,113.03491781357826,48.76880046863475
59,1.5400390625,0.0,0.0,101.0,0.0,599.0,0.0,113.75591232775962,-35.671949417974716,112.98812143661704,48.72599641150376
60,1.56005859375,0.0,0.0,101.0,0.0,599.0,0.0,113.7966983567076,-35.656076289009576,113.03531056910914,48.75974834495267
61,1.590087890625,0.0,0.0,101.0,0.0,600.0,0.0,113.80681529599232,-35.623638346610875,112.98812143661702,48.725996411503765
62,1.6201171875,0.0,0.0,101.0,0.0,598.0,0.0,112.96309001275937,-35.74416739012158,112.27866104291851,48.45227468499353
63,1.64013671875,0.0,0.0,100.0,0.0,598.0,0.0,112.96309001275937,-35.74416739012158,112.27866104291851,48.45227468499353
64,1.669921875,0.0,0.0,100.0,0.0,596.0,0.0,112.90483614108004,-35.80282519257098,112.28059570668772,48.48312476229322
65,1.68994140625,0.0,0.0,100.0,0.0,598.0,0.0,112.94814643172796,-35.822073996238665,112.26014072952309,48.470299756128426
66,1.719970703125,0.0,0.0,101.0,0.0,599.0,0.0,112.76498149549741,-35.77660478331048,112.26402183237748,48.422286130649454
67,1.75,0.0,0.0,101.0,0.0,599.0,0.0,112.76498149549741,-35.776604783310496,112.26402183237747,48.42228613064945
68,1.77001953125,0.0,0.0,101.0,0.0,598.0,0.0,112.96832574972741,-35.76269482360737,112.23904525342678,48.43553859001651
69,1.800048828125,0.0,0.0,100.0,0.0,597.0,0.0,112.95746887815395,-35.97984688594292,112.27383798947953,48.48747983553293
70,1.820068359375,0.0,0.0,101.0,0.0,598.0,0.0,112.93510723163573,-35.769544025601704,112.27828128004222,48.46128508204854
71,1.85009765625,0.0,0.0,101.0,0.0,598.0,0.0,112.93510723163573,-35.76954402560173,112.27828128004224,48.46128508204853
72,1.880126953125,0.0,0.0,100.0,0.0,599.0,0.0,112.95089926940608,-35.76598935005407,112.25847979438372,48.43592712943811
73,1.900146484375,0.0,0.0,101.0,0.0,598.0,0.0,112.95143960390594,-35.79901145197539,112.26014072952313,48.47029975612837
74,1.929931640625,0.0,0.0,101.0,0.0,600.0,0.0,112.99889179951055,-35.77780737993834,112.23985412004453,48.453979681940766
75,1.949951171875,0.0,0.0,101.0,0.0,597.0,0.0,112.91634069945835,-35.79581811417527,112.259378700243,48.4591647687824
76,1.97998046875,0.0,0.0,100.0,0.0,600.0,0.0,112.91634069945835,-35.7958181141753,112.25937870024302,48.459164768782394
77,2.010009765625,0.0,0.0,100.0,0.0,595.0,0.0,112.89934747895747,-35.79605490837207,112.25338350638278,48.47464442119975
78,2.030029296875,0.0,0.0,101.0,0.0,602.0,0.0,112.9540686481566,-35.81051286237533,112.25091414428738,48.42182030727912
79,2.06005859375,0.0,0.0,101.0,0.0,598.0,0.0,112.9047600906493,-35.76897018067948,112.28499600992077,48.456959708093635
80,2.080078125,0.0,0.0,101.0,0.0,600.0,0.0,112.98296080252481,-35.74355556332478,112.31200339937956,48.47426910337865
81,2.110107421875,180.0,0.0,101.0,0.0,597.0,0.0,112.98296080252483,-35.743555563324826,112.31200339937958,48.474269103378646
82,2.14013671875,180.0,0.0,105.0,0.0,600.0,0.0,113.57800556959859,-35.84826482824427,121.12399856492792,50.44165696565484
83,2.169921875,180.0,0.0,114.0,0.0,587.0,0.0,113.57800556959859,-35.84826482824431,121.12399856492792,50.441656965654836
84,2.18994140625,180.0,0.0,123.0,0.0,553.0,0.0,113.5626744603959,-35.84279468266832,129.94133974262658,50.739866096297845
85,2.219970703125,180.0,0.0,125.0,0.0,464.0,0.0,113.57806283461024,-35.896344933667145,135.40523621500148,50.097970710673565
86,2.25,180.0,0.0,127.0,0.0,427.0,0.0,113.57806283461024,-35.89634493366716,135.40523621500148,50.09797071067355
87,2.280029296875,180.0,0.0,136.0,0.0,410.0,0.0,113.59456530471277,-35.90623682587568,136.35580775292587,49.98856025925818
88,2.31005859375,180.0,0.0,139.0,0.0,407.0,0.0,113.59182494975593,-36.01807934991011,136.86608722888028,49.964345226172796
89,2.330078125,180.0,0.0,145.0,0.0,402.0,0.0,113.5770135579273,-35.84604420157805,140.44064818774962,49.415700550581384
90,2.360107421875,180.0,0.0,147.0,0.0,387.0,0.0,113.5709438438208,-35.91496771160552,146.29918885144872,47.66513955921943
91,2.39013671875,180.0,0.0,144.0,0.0,374.0,0.0,113.57914877542873,-35.815296676019436,149.6546184398801,46.31256493927239
92,2.419921875,180.0,0.0,146.0,0.0,363.0,0.0,113.57914877542873,-35.815296676019436,149.6546184398801,46.312564939272384
93,2.449951171875,180.0,0.0,150.0,0.0,362.0,0.0,113.57930103970816,-35.89943718495472,149.99558938143966,46.27771428345838
94,2.47998046875,180.0,0.0,158.0,0.0,363.0,0.0,113.42825847593814,-35.88185029583012,149.89863074739284,46.3185587616126
95,2.5,180.0,0.0,157.0,0.0,361.0,0.0,113.56888470339226,-35.869195536578715,152.30571364645576,45.031277727455326
96,2.530029296875,180.0,0.0,155.0,0.0,356.0,0.0,113.3942706924748,-35.88720359925362,156.52770167908747,42.84397599125844
97,2.56005859375,180.0,0.0,163.0,0.0,348.0,0.0,113.57809466704911,-35.865578297815965,158.59208016101613,41.50089136429174
98,2.590087890625,180.0,0.0,159.0,0.0,342.0,0.0,113.42454519974143,-35.83919955247983,158.22421625984697,41.7391688470477
99,2.610107421875,180.0,0.0,162.0,0.0,344.0,0.0,113.42454519974143,-35.83919955247983,158.22421625984697,41.7391688470477
100,2.64013671875,180.0,0.0,165.0,0.0,344.0,0.0,113.5950571838158,-35.84354298132747,158.00652864158025,41.71343777481609
101,2.669921875,180.0,0.0,165.0,0.0,346.0,0.0,113.56924889396154,-35.86227339651717,160.44468180474468,40.20920017093913
102,2.699951171875,180.0,0.0,172.0,0.0,337.0,0.0,113.53528084179557,-35.53913824018156,163.32493603415574,38.59712624655604
103,2.72998046875,180.0,0.0,167.0,0.0,335.0,0.0,113.53825404490917,-35.594798447935,164.27800780046493,37.647681797809945
104,2.760009765625,180.0,0.0,172.0,0.0,336.0,0.0,113.53088245377725,-35.5985801457176,163.77363738499974,38.074922538383426
105,2.780029296875,180.0,0.0,169.0,0.0,337.0,0.0,113.52257602770548,-35.563560844090794,163.78718298305546,37.92911713444585
106,2.81005859375,180.0,0.0,176.0,0.0,337.0,0.0,113.52257602770548,-35.563560844090794,163.78718298305546,37.929117134445846
107,2.840087890625,180.0,0.0,172.0,0.0,335.0,0.0,113.54712177728862,-35.546615571266564,165.53797332071946,36.315958703344364
108,2.8701171875,180.0,0.0,176.0,0.0,330.0,0.0,113.50551087677854,-35.59190301376874,167.52216133798504,34.52790770584125
109,2.900146484375,180.0,0.0,173.0,0.0,326.0,0.0,113.53641613403134,-35.562186670717935,168.10775610468045,34.07087981916813
110,2.919921875,180.0,0.0,177.0,0.0,327.0,0.0,113.54606671875906,-35.57503531081218,167.4351384197987,34.55447488717393
111,2.949951171875,180.0,0.0,178.0,0.0,329.0,0.0,113.5263564477011,-35.58065085327688,167.8377338993009,34.05056552790161
112,2.97998046875,180.0,0.0,181.0,0.0,329.0,0.0,113.5263564477011,-35.58065085327688,167.8377338993009,34.05056552790161
113,3.010009765625,180.0,0.0,177.0,0.0,328.0,0.0,113.54565284863676,-35.603806815386,169.5494924773161,32.51223125580815
114,3.0400390625,180.0,0.0,180.0,0.0,324.0,0.0,113.5328904683452,-35.576318128564246,170.76226970945532,30.97747536070436
115,3.06005859375,180.0,0.0,178.0,0.0,320.0,0.0,113.52149787278843,-35.53941247423392,170.5577094015979,30.953947791570325
116,3.090087890625,180.0,0.0,182.0,0.0,322.0,0.0,113.52696495609905,-35.57537878140487,170.29803384577875,31.306384685347524
117,3.1201171875,180.0,0.0,180.0,0.0,325.0,0.0,113.52696495609905,-35.575378781404886,170.29803384577878,31.306384685347517
118,3.150146484375,180.0,0.0,186.0,0.0,324.0,0.0,113.5500977613899,-35.54787917531793,170.79426096643886,30.604550981198912
119,3.179931640625,180.0,0.0,181.0,0.0,322.0,0.0,113.52963200631474,-35.54999452873849,172.03803209738044,29.005095973338264
120,3.2099609375,180.0,0.0,187.0,0.0,319.0,0.0,113.53760794165811,-35.581203054559694,172.8489971778945,28.211085328853333
121,3.22998046875,180.0,0.0,183.0,0.0,319.0,0.0,113.53468685409894,-35.602613523729325,172.57915734064304,28.267569140236468
122,3.260009765625,180.0,0.0,188.0,0.0,321.0,0.0,113.96280867032249,-35.51725517837926,173.01913855098655,28.98323631196795
123,3.2900390625,180.0,0.0,182.0,0.0,323.0,0.0,113.95750942986616,-35.4900614926923,173.68909127338316,27.982833544286787
124,3.320068359375,180.0,0.0,188.0,0.0,320.0,0.0,113.95750942986616,-35.49006149269234,173.68909127338318,27.98283354428676
125,3.340087890625,180.0,0.0,184.0,0.0,319.0,0.0,113.9782792356866,-35.637708911966286,174.59104027663452,26.622260158892654
126,3.3701171875,180.0,0.0,190.0,0.0,317.0,0.0,113.98747664627726,-35.47347115267266,174.89047635515152,26.04749142810782
127,3.400146484375,180.0,0.0,185.0,0.0,314.0,0.0,113.97088900298021,-35.478144048493434,174.6101529390449,26.42385691590914
128,3.429931640625,180.0,0.0,190.0,0.0,319.0,0.0,113.82549232798527,-35.45620675811593,174.6429538681286,26.34474943011051
129,3.4599609375,180.0,0.0,186.0,0.0,320.0,0.0,113.82549232798527,-35.45620675811593,174.6429538681286,26.34474943011051
130,3.489990234375,180.0,0.0,189.0,0.0,319.0,0.0,113.95612872948364,-35.4738927742095,175.37388338336058,25.29123805652451
131,3.510009765625,180.0,0.0,188.0,0.0,315.0,0.0,114.01461534710354,-35.48351219742179,176.07932009804534,24.22839479688445
132,3.5400390625,180.0,0.0,192.0,0.0,315.0,0.0,113.99672287156498,-35.46136031242614,176.11572260636524,24.08880591473991
133,3.570068359375,180.0,0.0,190.0,0.0,312.0,0.0,114.01793818153686,-35.516235758896144,176.06062262897245,24.317335985444238
134,3.60009765625,180.0,0.0,193.0,0.0,314.0,0.0,113.9587591921186,-35.465139727046406,176.11570385719773,23.952583243341557
135,3.630126953125,180.0,0.0,189.0,0.0,315.0,0.0,114.00613962555106,-35.63511231141116,176.7573429167426,22.94069416033112
136,3.650146484375,180.0,0.0,189.0,0.0,315.0,0.0,114.00613962555106,-35.63511231141116,176.7573429167426,22.94069416033112
137,3.679931640625,180.0,0.0,192.0,0.0,315.0,0.0,113.96510515002241,-35.515671517449874,177.054566318156,22.220212470609223
138,3.7099609375,180.0,0.0,192.0,0.0,314.0,0.0,113.80798193895251,-35.48416539856214,176.97476311194492,22.335372274603532
139,3.739990234375,180.0,0.0,194.0,0.0,311.0,0.0,113.9896565002525,-35.442555394768064,176.9069324301667,22.514164332958913
140,3.77001953125,180.0,0.0,191.0,0.0,317.0,0.0,113.99578234731963,-35.437103546854274,177.26825255307756,21.933195711582947
141,3.7900390625,180.0,0.0,195.0,0.0,315.0,0.0,113.99672287156498,-35.46136031242618,177.72443689443782,21.109899504804506
142,3.820068359375,180.0,0.0,192.0,0.0,308.0,0.0,113.84523443452274,-35.842285270107986,177.437084134269,19.874403733480918
143,3.85009765625,180.0,0.0,196.0,0.0,312.0,0.0,113.84523443452272,-35.842285270108,177.437084134269,19.874403733480904
144,3.880126953125,180.0,0.0,191.0,0.0,312.0,0.0,113.82244515877643,-35.87569920511432,177.35059412073218,20.131983243208907
145,3.909912109375,180.0,0.0,196.0,0.0,313.0,0.0,113.63325276134384,-35.87076277353838,177.3693658815851,20.079801049013366
146,3.93994140625,180.0,0.0,193.0,0.0,314.0,0.0,113.84250499447379,-35.893572848664824,177.8907954486696,19.43934799899973
147,3.9599609375,180.0,0.0,196.0,0.0,314.0,0.0,113.65441614143204,-35.862774879759,178.1413053371756,18.73485777745024
148,3.989990234375,180.0,0.0,198.0,0.0,309.0,0.0,113.65441614143204,-35.86277487975899,178.1413053371756,18.734857777450255
149,4.02001953125,180.0,0.0,193.0,0.0,309.0,0.0,113.80525714750924,-35.8888483922573,178.16097051448625,18.7004691953764
150,4.050048828125,180.0,0.0,197.0,0.0,311.0,0.0,113.78966028080266,-35.86958033733463,178.51364345821747,17.795711653650137
151,4.070068359375,180.0,0.0,194.0,0.0,311.0,0.0,113.78966028080265,-35.86958033733462,178.51364345821744,17.795711653650137
152,4.10009765625,180.0,0.0,198.0,0.0,311.0,0.0,113.8603301588328,-36.048832104636986,178.63589146682182,17.639455267565253
153,4.130126953125,180.0,0.0,194.0,0.0,312.0,0.0,113.81835937023257,-35.88288244538709,178.6383131595328,17.12498451690479
154,4.159912109375,180.0,0.0,197.0,0.0,310.0,0.0,113.8165966963746,-35.915667309672585,178.92256785337008,16.635468831277354
155,4.18994140625,180.0,0.0,194.0,0.0,311.0,0.0,113.7903996168608,-35.9239336847447,178.93598883506587,16.46632944153698
156,4.219970703125,180.0,0.0,199.0,0.0,309.0,0.0,113.62397728830942,-35.88417486857654,178.91803715136666,16.486000690499516
157,4.239990234375,180.0,0.0,199.0,0.0,311.0,0.0,113.62397728830942,-35.88417486857651,178.91803715136666,16.48600069049953
158,4.27001953125,180.0,0.0,195.0,0.0,309.0,0.0,113.76804451380534,-35.85905472179655,178.92681863094626,16.38820272787578
159,4.300048828125,180.0,0.0,200.0,0.0,311.0,0.0,113.76804451380534,-35.859054721796575,178.92681863094626,16.388202727875765
160,4.330078125,180.0,0.0,195.0,0.0,311.0,0.0,113.82715568510122,-36.06490371215584,179.34317148402815,16.062161174644718
161,4.360107421875,180.0,0.0,200.0,0.0,309.0,0.0,113.80849294220701,-35.90811923482362,179.51094481046948,15.635608745397857
162,4.380126953125,180.0,0.0,196.0,0.0,312.0,0.0,113.40135492808925,-35.74915483999323,179.24608945671514,15.988631762334553
163,4.409912109375,180.0,0.0,200.0,0.0,309.0,0.0,113.40135492808925,-35.74915483999323,179.24608945671514,15.988631762334553
164,4.43994140625,180.0,0.0,197.0,0.0,311.0,0.0,113.40395261359254,-35.544309952714386,179.20614646470295,15.993805493999973
165,4.469970703125,180.0,0.0,202.0,0.0,308.0,0.0,113.40395261359254,-35.54430995271436,179.20614646470293,15.993805493999988
166,4.5,180.0,0.0,196.0,0.0,307.0,0.0,113.41164151825109,-35.61145548211261,179.32057550000536,15.90473617010288
167,4.52001953125,180.0,0.0,202.0,0.0,310.0,0.0,113.41164151825109,-35.61145548211258,179.32057550000533,15.904736170102893
168,4.550048828125,180.0,0.0,196.0,0.0,311.0,0.0,113.23408656376611,-35.562938173087666,179.3517960516328,15.282836863737819
169,4.580078125,180.0,0.0,202.0,0.0,310.0,0.0,113.23408656376611,-35.562938173087666,179.35179605163276,15.282836863737831
170,4.610107421875,180.0,0.0,198.0,0.0,310.0,0.0,113.41839861073223,-35.600487521506366,179.44184710930142,15.2138686020254
171,4.64013671875,180.0,0.0,203.0,0.0,308.0,0.0,113.44622549238659,-35.56260009650626,179.3736179803256,15.221868654241272
172,4.669921875,180.0,0.0,198.0,0.0,309.0,0.0,113.4462254923866,-35.56260009650629,179.3736179803256,15.221868654241245
173,4.68994140625,180.0,0.0,202.0,0.0,310.0,0.0,113.23156964206976,-35.611116079086905,179.3679280130815,15.19565805396861
174,4.719970703125,180.0,0.0,197.0,0.0,310.0,0.0,113.40261677128763,-35.58200437416531,179.55239914081295,14.7271118131898
175,4.75,180.0,0.0,203.0,0.0,310.0,0.0,113.20360468590027,-35.610967081320354,179.57145870889727,14.51405220716594
176,4.780029296875,180.0,0.0,199.0,0.0,309.0,0.0,113.39136451985685,-35.592840055593676,179.56626508744841,14.499414814517118
177,4.800048828125,180.0,0.0,202.0,0.0,308.0,0.0,113.37674199063963,-35.63724395800141,179.53536574795385,14.524974331995036
178,4.830078125,180.0,0.0,198.0,0.0,310.0,0.0,113.37674199063963,-35.63724395800143,179.53536574795385,14.524974331995036
179,4.860107421875,180.0,0.0,201.0,0.0,309.0,0.0,113.21979223962792,-35.55629133364599,179.5535796692639,14.474769398360756
180,4.89013671875,180.0,0.0,198.0,0.0,309.0,0.0,113.41766155106298,-35.54749127412261,179.6817445678077,13.97791460542941
181,4.919921875,180.0,0.0,202.0,0.0,309.0,0.0,113.40135492808925,-35.74915483999316,179.88952385006115,13.887028802454292
182,4.949951171875,180.0,0.0,202.0,0.0,311.0,0.0,113.75402526810836,-35.84317382847128,180.1389569780044,13.739051587517796
183,4.969970703125,180.0,0.0,201.0,0.0,310.0,0.0,113.75402526810836,-35.84317382847129,180.1389569780044,13.739051587517782
184,5.0,180.0,0.0,199.0,0.0,309.0,0.0,113.9289768295012,-35.86027079148455,180.34560176996536,13.572076574831817
185,5.030029296875,180.0,0.0,200.0,0.0,312.0,0.0,113.94685297237733,-35.82857812804662,180.42649016350322,13.096602869595177
186,5.06005859375,180.0,0.0,202.0,0.0,307.0,0.0,113.95997986862771,-35.8181181904269,180.42852411197055,13.078900350571914
187,5.090087890625,180.0,0.0,200.0,0.0,309.0,0.0,113.92592563853198,-35.82759573660134,180.42261682239806,13.072784387470312
188,5.110107421875,180.0,0.0,204.0,0.0,306.0,0.0,113.92592563853198,-35.82759573660134,180.42261682239806,13.072784387470312
189,5.14013671875,180.0,0.0,201.0,0.0,307.0,0.0,113.92592563853198,-35.82759573660134,180.41966384295876,13.064146940303194
190,5.169921875,180.0,0.0,201.0,0.0,306.0,0.0,113.92592563853198,-35.82759573660134,180.41966384295876,13.064146940303194
191,5.199951171875,180.0,0.0,199.0,0.0,310.0,0.0,113.87557641043702,-35.81795749464505,180.62355025903486,13.001678111471724
192,5.22998046875,180.0,0.0,204.0,0.0,312.0,0.0,113.92703049849074,-35.86845625403555,180.66791428607237,12.50191475248989
193,5.25,180.0,0.0,200.0,0.0,309.0,0.0,113.92448652808201,-35.818388430395174,180.47292224751033,12.469562930345514
194,5.280029296875,180.0,0.0,205.0,0.0,308.0,0.0,113.90016744035431,-35.81282359230243,180.46647056527146,12.470743842984701
195,5.31005859375,180.0,0.0,200.0,0.0,308.0,0.0,113.92163827607287,-36.00034348411833,180.66649922593413,12.421020680957135
196,5.340087890625,180.0,0.0,204.0,0.0,310.0,0.0,113.95254221095931,-35.84143713695238,180.7111273798931,12.332360865734415
197,5.3701171875,180.0,0.0,199.0,0.0,310.0,0.0,113.95254221095931,-35.84143713695239,180.71112737989313,12.332360865734403
198,5.39013671875,180.0,0.0,206.0,0.0,309.0,0.0,113.87950578872069,-35.871597513233645,180.71207219102718,12.298403949319868
199,5.419921875,180.0,0.0,199.0,0.0,308.0,0.0,113.72050707590081,-36.037956581716436,180.87440612408844,12.303366478203746
200,5.449951171875,180.0,0.0,205.0,0.0,305.0,0.0,113.87730015606101,-35.84646404361122,180.73833475810756,12.26576281575903
201,5.47998046875,180.0,0.0,200.0,0.0,307.0,0.0,113.89990290870367,-35.83538806334926,180.69424235694328,11.872818893433159
202,5.510009765625,180.0,0.0,205.0,0.0,308.0,0.0,113.56709151308716,-35.92998048826805,180.44651348498957,11.658475973552642
203,5.5400390625,180.0,0.0,200.0,0.0,308.0,0.0,113.57251934843654,-35.705178657295875,180.31560718004687,11.628739892331417
204,5.56005859375,180.0,0.0,205.0,0.0,307.0,0.0,113.57251934843657,-35.7051786572959,180.31560718004692,11.62873989233139
205,5.590087890625,180.0,0.0,201.0,0.0,310.0,0.0,113.53469763230893,-35.741828622556575,180.44284565519254,11.63731417471538
206,5.6201171875,180.0,0.0,203.0,0.0,308.0,0.0,113.58186319366487,-35.72553245467867,180.31983093103966,11.599771869111983
207,5.650146484375,180.0,0.0,200.0,0.0,308.0,0.0,113.55354641935702,-35.74841537391606,180.49136146067488,11.540116371954888
208,5.679931640625,180.0,0.0,205.0,0.0,309.0,0.0,113.52700480440551,-35.746969751637735,180.58192989683943,11.546245099543953
209,5.699951171875,180.0,0.0,202.0,0.0,309.0,0.0,113.5270048044055,-35.746969751637764,180.58192989683943,11.546245099543953
210,5.72998046875,180.0,0.0,204.0,0.0,308.0,0.0,113.38660005868763,-35.771500989792486,180.53459472063986,11.498964915667006
211,5.760009765625,180.0,0.0,201.0,0.0,312.0,0.0,113.58246698421172,-35.74419922429645,180.54890029685293,11.50868676768507
212,5.7900390625,180.0,0.0,205.0,0.0,306.0,0.0,113.51932315526558,-35.771999330200764,180.54973237587024,11.271160730224738
213,5.820068359375,180.0,0.0,202.0,0.0,311.0,0.0,113.53282019574395,-35.91319491323203,180.80088143203943,11.038789157244864
214,5.840087890625,180.0,0.0,206.0,0.0,309.0,0.0,113.38427596044905,-35.77410291827592,180.60354922190538,10.967049696592138
215,5.8701171875,180.0,0.0,204.0,0.0,307.0,0.0,113.38427596044906,-35.774102918275936,180.60354922190538,10.967049696592124
216,5.900146484375,180.0,0.0,202.0,0.0,311.0,0.0,113.54876265904839,-35.909486497121364,180.59805491258805,10.977933749410909
217,5.929931640625,180.0,0.0,206.0,0.0,307.0,0.0,113.53312204931481,-35.7783977023741,180.77423180382465,11.003803379927431
218,5.9599609375,180.0,0.0,202.0,0.0,309.0,0.0,113.52921653336273,-35.78152507099923,180.83219030234443,10.89669174679688
219,5.97998046875,180.0,0.0,203.0,0.0,309.0,0.0,113.55559449002386,-35.76340732599003,180.78311174234113,10.85305823328382
220,6.010009765625,180.0,0.0,203.0,0.0,310.0,0.0,113.56251672228865,-35.741030946947575,180.8105224159312,10.877643078831376
221,6.0400390625,180.0,0.0,206.0,0.0,311.0,0.0,113.56251672228865,-35.74103094694756,180.8105224159312,10.87764307883139
222,6.070068359375,180.0,0.0,202.0,0.0,309.0,0.0,113.55232981778774,-35.6830087390508,180.88830979802702,10.995343519010602
223,6.10009765625,180.0,0.0,205.0,0.0,309.0,0.0,113.50129160824287,-35.66940790218327,180.9147192554753,10.96614093650892
224,6.1201171875,180.0,0.0,201.0,0.0,308.0,0.0,113.50129160824287,-35.66940790218327,180.9147192554753,10.966140936508905
225,6.150146484375,180.0,0.0,206.0,0.0,311.0,0.0,113.52318743482246,-35.708603127017874,180.91437649660008,10.949851055844906
226,6.179931640625,180.0,0.0,203.0,0.0,309.0,0.0,113.51656682424738,-35.66551651086755,180.9160739550585,10.79094537590155
227,6.2099609375,180.0,0.0,203.0,0.0,310.0,0.0,113.51656682424738,-35.66551651086756,180.91607395505855,10.790945375901524
228,6.239990234375,180.0,0.0,202.0,0.0,311.0,0.0,113.37849019840979,-35.62786905776694,180.87739379838675,10.936502498418822
229,6.27001953125,180.0,0.0,206.0,0.0,310.0,0.0,113.52937141831633,-35.690226624538624,180.96899400477054,10.554041682827755
230,6.2900390625,180.0,0.0,202.0,0.0,310.0,0.0,113.52541581299036,-35.6040477607099,180.99166968887135,10.463888587133424
231,6.320068359375,180.0,0.0,206.0,0.0,309.0,0.0,113.5583502178448,-35.791615670661116,180.9939267797428,10.485610572211842
232,6.35009765625,180.0,0.0,201.0,0.0,311.0,0.0,113.49851908090314,-35.681674975423235,180.97909572195968,10.513129212864596
233,6.380126953125,180.0,0.0,206.0,0.0,310.0,0.0,113.5422502335749,-35.647849648664184,180.96005126148805,10.409136286225083
234,6.409912109375,180.0,0.0,202.0,0.0,310.0,0.0,113.57631023518614,-35.64599976771884,180.9748864801814,10.380497838787917
235,6.429931640625,180.0,0.0,207.0,0.0,311.0,0.0,113.55885125903987,-35.81358555786769,180.96124857152637,10.38069927424215
236,6.4599609375,180.0,0.0,201.0,0.0,310.0,0.0,113.55022777317323,-35.829568959215834,180.97476027640232,10.380441405642127
237,6.489990234375,180.0,0.0,206.0,0.0,309.0,0.0,113.56714727950016,-35.80214427131806,180.9682125562237,10.37562683258023
238,6.52001953125,180.0,0.0,202.0,0.0,312.0,0.0,113.56714727950015,-35.80214427131805,180.9682125562237,10.37562683258023
239,6.550048828125,180.0,0.0,204.0,0.0,312.0,0.0,113.5046398173541,-35.69452255873921,180.97348744358828,10.345013941413137
240,6.570068359375,180.0,0.0,203.0,0.0,310.0,0.0,113.53427801471182,-35.66588749608843,181.0262472326561,10.319593897870703
241,6.60009765625,180.0,0.0,205.0,0.0,309.0,0.0,113.53427801471182,-35.66588749608843,181.0262472326561,10.319593897870703
242,6.630126953125,180.0,0.0,203.0,0.0,311.0,0.0,113.81287843798958,-35.96891174672968,181.29901059289028,10.041973512435014
243,6.659912109375,180.0,0.0,205.0,0.0,310.0,0.0,113.81287843798958,-35.968911746729695,181.29901059289028,10.041973512435012
244,6.68994140625,180.0,0.0,202.0,0.0,308.0,0.0,113.66422258125213,-35.916537284900755,181.3238826679871,10.018880749875809
245,6.7099609375,180.0,0.0,203.0,0.0,313.0,0.0,113.82055695449417,-35.9772032598012,181.34531463915877,9.828634879540282
246,6.739990234375,180.0,0.0,205.0,0.0,314.0,0.0,113.82055695449417,-35.97720325980123,181.3453146391588,9.82863487954027
247,6.77001953125,180.0,0.0,204.0,0.0,312.0,0.0,113.83428558493337,-35.926567876430504,181.37256097735968,9.961144427482973
248,6.800048828125,180.0,0.0,205.0,0.0,311.0,0.0,113.79676743690759,-35.95422825732043,181.336203581525,9.791932811259858
249,6.830078125,180.0,0.0,203.0,0.0,311.0,0.0,113.81818912168819,-36.122185280905754,181.3580832622725,9.805631577682059
250,6.85009765625,180.0,0.0,203.0,0.0,312.0,0.0,113.647935576825,-35.9447860858761,181.40440477915746,9.590834962628993
251,6.880126953125,180.0,0.0,203.0,0.0,313.0,0.0,113.64183560123345,-35.95004049579197,181.3737961870708,9.631014238882061
252,6.909912109375,180.0,0.0,207.0,0.0,310.0,0.0,113.64183560123345,-35.95004049579198,181.3737961870708,9.631014238882049
253,6.93994140625,180.0,0.0,204.0,0.0,310.0,0.0,113.63374990264266,-35.9645407617436,181.34724417095708,9.78177062519463
254,6.969970703125,180.0,0.0,208.0,0.0,312.0,0.0,113.85531624350723,-36.14469048691858,181.35954569325662,9.550610912695012
255,7.0,180.0,0.0,202.0,0.0,313.0,0.0,113.82106657820918,-36.09906505335975,181.4081582344391,9.538681445015163
256,7.02001953125,180.0,0.0,206.0,0.0,314.0,0.0,113.79184668879763,-35.969057049671115,181.36882935202297,9.521223724622896
257,7.050048828125,180.0,0.0,202.0,0.0,313.0,0.0,113.63660864996321,-36.110203070342,181.33131040844955,9.468143579143343
258,7.080078125,180.0,0.0,207.0,0.0,314.0,0.0,113.63660864996321,-36.11020307034203,181.33131040844955,9.46814357914334
259,7.110107421875,180.0,0.0,204.0,0.0,313.0,0.0,113.80110015192489,-35.95304873900735,181.35861965915734,9.500802769605752
260,7.14013671875,180.0,0.0,207.0,0.0,312.0,0.0,113.82666483728075,-35.910314668026714,181.38806508842043,9.491989018309178
261,7.159912109375,180.0,0.0,202.0,0.0,312.0,0.0,113.65905561232512,-36.115881296030516,181.35086470893862,9.423883696265179
262,7.18994140625,180.0,0.0,207.0,0.0,312.0,0.0,113.28803611276734,-35.837539760837124,180.98098969280247,9.504711055940508
263,7.219970703125,180.0,0.0,203.0,0.0,313.0,0.0,113.35467348975297,-35.77911933387849,180.96041291516883,9.509208050622945
264,7.25,180.0,0.0,207.0,0.0,313.0,0.0,113.35467348975297,-35.77911933387849,180.96041291516883,9.509208050622945
265,7.280029296875,180.0,0.0,202.0,0.0,313.0,0.0,113.33918780038002,-35.756171128978934,180.95390425155057,9.495619342148382
266,7.300048828125,180.0,0.0,207.0,0.0,311.0,0.0,113.30822941670951,-35.79154605772593,180.9519891020409,9.474882039442058
267,7.330078125,180.0,0.0,202.0,0.0,312.0,0.0,113.28414818290187,-35.79423979287291,180.9596246131316,9.49024668431209
268,7.360107421875,180.0,0.0,207.0,0.0,312.0,0.0,113.33918780038002,-35.756171128978906,180.96548780214678,9.484031969384624
269,7.39013671875,180.0,0.0,204.0,0.0,313.0,0.0,113.34386595938409,-35.94662077337683,180.9957003386749,9.476480451152556
270,7.419921875,180.0,0.0,206.0,0.0,310.0,0.0,113.3438659593841,-35.94662077337684,180.9957003386749,9.47648045115257
271,7.43994140625,180.0,0.0,202.0,0.0,314.0,0.0,113.31068886775651,-35.779674697302006,180.9733322315143,9.489356290096511
272,7.469970703125,180.0,0.0,205.0,0.0,313.0,0.0,113.36188960654722,-35.7838547240436,181.00021362535853,9.456988571010273
273,7.5,180.0,0.0,203.0,0.0,314.0,0.0,113.27478948370617,-35.861325914340846,180.9957003386749,9.476480451152556
274,7.530029296875,180.0,0.0,207.0,0.0,313.0,0.0,113.33627631657058,-35.93457552769787,181.0148909862848,9.438707879749675
275,7.56005859375,180.0,0.0,206.0,0.0,312.0,0.0,113.32552950754679,-35.785010227068184,180.98681772577055,9.392989479402903
276,7.580078125,180.0,0.0,208.0,0.0,312.0,0.0,113.32552950754679,-35.785010227068184,180.98681772577055,9.392989479402917
277,7.610107421875,180.0,0.0,203.0,0.0,312.0,0.0,113.31013865143882,-35.839860696827316,181.0262988384517,9.43587149026146
278,7.64013671875,180.0,0.0,205.0,0.0,312.0,0.0,113.32436594172906,-35.75078840380665,181.03385632516802,9.441388791269773
279,7.669921875,180.0,0.0,205.0,0.0,313.0,0.0,113.14696397533301,-35.80825133545286,180.99955471669375,9.370848169809369
280,7.699951171875,180.0,0.0,204.0,0.0,312.0,0.0,113.33362704686826,-35.79476302537412,180.99556775845068,9.388546294333445
281,7.72998046875,180.0,0.0,207.0,0.0,312.0,0.0,113.14580458272584,-35.80798677100157,181.01812179543447,9.225743718377196
282,7.75,180.0,0.0,204.0,0.0,319.0,0.0,113.85837270375328,-35.821618231001466,181.36792064113968,9.227219468082467
283,7.780029296875,180.0,0.0,204.0,0.0,313.0,0.0,113.85837270375328,-35.821618231001466,181.36792064113968,9.227219468082467
284,7.81005859375,180.0,0.0,203.0,0.0,312.0,0.0,113.9030749331622,-35.85345574358999,181.36774382934678,9.0893026648387
285,7.840087890625,180.0,0.0,208.0,0.0,314.0,0.0,113.77189475655655,-35.830816295360066,181.3861722406795,9.228563760492603
286,7.8701171875,180.0,0.0,203.0,0.0,312.0,0.0,113.91781550006827,-35.84753081292236,181.41478303541894,9.26115547173523
287,7.89013671875,180.0,0.0,206.0,0.0,314.0,0.0,113.88393323014058,-35.882404832850725,181.38682871201087,9.005443266747733
288,7.919921875,180.0,0.0,203.0,0.0,314.0,0.0,113.88393323014058,-35.882404832850725,181.38682871201084,9.005443266747745
289,7.949951171875,180.0,0.0,206.0,0.0,314.0,0.0,113.90777521241094,-36.034080976083374,181.40304619244472,9.044215676010662
290,7.97998046875,180.0,0.0,203.0,0.0,315.0,0.0,113.93748563441696,-35.84187997482125,181.37977010043704,9.002456703291951
291,8.010009765625,180.0,0.0,208.0,0.0,313.0,0.0,113.95342932171317,-35.99021721586995,181.3882327502572,9.037019452921268
292,8.030029296875,180.0,0.0,203.0,0.0,313.0,0.0,113.90334742984965,-35.81949987111978,181.4042262293815,9.024694373916544
293,8.06005859375,180.0,0.0,208.0,0.0,313.0,0.0,113.95294972718699,-35.832515202447794,181.41865315131298,9.017972772608234
294,8.090087890625,180.0,0.0,202.0,0.0,313.0,0.0,113.9068220464261,-35.811832093719445,181.38141818608813,8.995453473241309
295,8.1201171875,180.0,0.0,209.0,0.0,313.0,0.0,113.9068220464261,-35.81183209371944,181.38141818608813,8.995453473241323
296,8.150146484375,180.0,0.0,203.0,0.0,313.0,0.0,113.93923600069948,-35.86171205953474,181.35513040097516,8.972043048900641
297,8.169921875,180.0,0.0,208.0,0.0,312.0,0.0,113.955840736559,-35.83428438077162,181.4127069821747,9.032921711382143
298,8.199951171875,180.0,0.0,203.0,0.0,312.0,0.0,113.92814871284067,-35.80264254738814,181.4351892110935,8.979053675493539
299,8.22998046875,180.0,0.0,207.0,0.0,313.0,0.0,113.90724692273434,-35.8252362733632,181.4360679956914,8.941631883483842
300,8.260009765625,180.0,0.0,202.0,0.0,313.0,0.0,113.90724692273436,-35.825236273363224,181.43606799569142,8.94163188348383
301,8.2900390625,180.0,0.0,207.0,0.0,316.0,0.0,113.91774691838332,-35.82473112950955,181.376274104189,8.928920241928864
302,8.31005859375,180.0,0.0,201.0,0.0,315.0,0.0,113.06742167025736,-35.53681850161531,180.84029034979972,9.31013401011596
303,8.340087890625,180.0,0.0,205.0,0.0,314.0,0.0,112.99492055345985,-35.41707807616733,180.86475278564149,9.287591464636211
304,8.3701171875,180.0,0.0,203.0,0.0,315.0,0.0,113.02634910240971,-35.4102481948738,180.8749067742997,9.288939749671528
305,8.400146484375,180.0,0.0,207.0,0.0,314.0,0.0,112.9600474008332,-35.436379956524924,180.82484545403608,9.204370808355295
306,8.429931640625,180.0,0.0,203.0,0.0,315.0,0.0,112.96004740083319,-35.43637995652491,180.82484545403605,9.204370808355321
307,8.4599609375,180.0,0.0,207.0,0.0,311.0,0.0,113.02635184076681,-35.39491496903889,180.86529447316002,9.283391534307377
308,8.47998046875,180.0,0.0,203.0,0.0,313.0,0.0,113.01304879700595,-35.382638707842794,180.82281967248463,9.262373757799018
309,8.510009765625,180.0,0.0,204.0,0.0,314.0,0.0,112.865134186262,-35.392189272534935,180.83172669358873,9.248356946640762
310,8.5400390625,180.0,0.0,204.0,0.0,313.0,0.0,113.01083793583804,-35.40905545598983,180.83183316482393,9.24838093553658
311,8.570068359375,180.0,0.0,205.0,0.0,315.0,0.0,112.84145995490718,-35.43382030758723,180.88670144346463,9.20765572901345
312,8.60009765625,180.0,0.0,205.0,0.0,318.0,0.0,112.84145995490718,-35.43382030758723,180.88670144346466,9.207655729013435
313,8.6201171875,180.0,0.0,204.0,0.0,315.0,0.0,113.05237941462273,-35.54330196875782,180.86788804763103,9.192906852483677
314,8.650146484375,180.0,0.0,204.0,0.0,315.0,0.0,113.07052539731653,-35.54007159012997,180.85637121541305,9.181008404868688
315,8.679931640625,180.0,0.0,203.0,0.0,314.0,0.0,112.85421298839432,-35.40423465472788,180.85637121541305,9.181008404868688
316,8.7099609375,180.0,0.0,207.0,0.0,315.0,0.0,113.02508026128986,-35.385546521703176,180.88525604690625,9.176021281198135
317,8.739990234375,180.0,0.0,205.0,0.0,314.0,0.0,112.86347475319556,-35.36416165265676,180.85880432181094,9.17988671809576
318,8.760009765625,180.0,0.0,207.0,0.0,313.0,0.0,113.03609680213908,-35.39661099393484,180.89701699374575,9.144714199834961
319,8.7900390625,180.0,0.0,203.0,0.0,315.0,0.0,113.03095053763003,-35.5434858780956,180.89008825248635,9.169467440041728
320,8.820068359375,180.0,0.0,205.0,0.0,313.0,0.0,113.03095053763003,-35.5434858780956,180.89008825248635,9.169467440041728
321,8.85009765625,180.0,0.0,202.0,0.0,316.0,0.0,113.03451298928329,-35.37236871207005,180.88698288964792,9.131287827011246
322,8.880126953125,180.0,0.0,207.0,0.0,314.0,0.0,113.27790422269695,-36.186010664692105,181.18361881454388,8.594257019697748
323,8.900146484375,180.0,0.0,204.0,0.0,314.0,0.0,113.43937339778061,-35.985425711201025,181.16952087554063,8.58262443648138
324,8.929931640625,180.0,0.0,208.0,0.0,318.0,0.0,113.43937339778061,-35.98542571120105,181.16952087554068,8.582624436481353
325,8.9599609375,180.0,0.0,202.0,0.0,316.0,0.0,113.43293363190216,-36.004537744916696,181.1757911994991,8.58299220128918
326,8.989990234375,180.0,0.0,208.0,0.0,317.0,0.0,113.43293363190216,-36.004537744916696,181.1757911994991,8.58299220128918
327,9.02001953125,180.0,0.0,204.0,0.0,317.0,0.0,113.43899415115187,-36.18403202926396,181.16871445207443,8.587504968316955
328,9.0400390625,180.0,0.0,208.0,0.0,312.0,0.0,113.43899415115187,-36.18403202926396,181.16871445207443,8.587504968316955
329,9.070068359375,180.0,0.0,203.0,0.0,317.0,0.0,113.26540809504496,-35.98695994929642,181.14534464174506,8.62940935858527
330,9.10009765625,180.0,0.0,207.0,0.0,316.0,0.0,113.26540809504496,-35.986959949296406,181.14534464174506,8.629409358585283
331,9.130126953125,180.0,0.0,202.0,0.0,315.0,0.0,113.45863274519171,-35.96110205587981,181.18361881454388,8.594257019697748
332,9.159912109375,180.0,0.0,208.0,0.0,314.0,0.0,113.45863274519171,-35.96110205587981,181.18361881454388,8.594257019697748
333,9.18994140625,180.0,0.0,204.0,0.0,319.0,0.0,113.42513252481204,-35.96393168414328,181.1687144520744,8.587504968316967
334,9.2099609375,180.0,0.0,207.0,0.0,316.0,0.0,113.44920621796072,-35.96320075382259,181.1836125091228,8.568450693485959
335,9.239990234375,180.0,0.0,203.0,0.0,314.0,0.0,113.4689993425095,-36.00893926097121,181.18423437317182,8.539956869165344
336,9.27001953125,180.0,0.0,207.0,0.0,318.0,0.0,113.4689993425095,-36.00893926097121,181.18423437317182,8.539956869165344
337,9.300048828125,180.0,0.0,203.0,0.0,311.0,0.0,113.45107036116784,-35.977894290289605,181.1836188145439,8.59425701969775
338,9.330078125,180.0,0.0,207.0,0.0,314.0,0.0,113.41243888040984,-36.01373868645281,181.16871445207443,8.587504968316928
339,9.35009765625,180.0,0.0,205.0,0.0,317.0,0.0,113.45397176276884,-36.006496280504706,181.1835107606233,8.559158874761328
340,9.380126953125,180.0,0.0,205.0,0.0,315.0,0.0,113.44861921010892,-36.001424009047334,181.17271099458435,8.535445909763883
341,9.409912109375,180.0,0.0,203.0,0.0,317.0,0.0,113.44212711876114,-35.98346038022771,181.19063173321535,8.554615609890838
342,9.43994140625,180.0,0.0,204.0,0.0,315.0,0.0,112.93395928065931,-35.669583564713015,180.90392508710215,8.736576446210874
343,9.469970703125,180.0,0.0,204.0,0.0,316.0,0.0,113.10922614694462,-35.663532336451645,180.9386895260911,8.76137493331349
344,9.489990234375,180.0,0.0,206.0,0.0,317.0,0.0,113.10922614694462,-35.66353233645163,180.93868952609108,8.761374933313503
345,9.52001953125,180.0,0.0,207.0,0.0,315.0,0.0,113.1327055503121,-35.69179317232146,180.9094432418678,8.735064294245785
346,9.550048828125,180.0,0.0,205.0,0.0,316.0,0.0,113.12401200389947,-35.668820713328614,180.9116629560939,8.729743011679878
347,9.580078125,180.0,0.0,204.0,0.0,319.0,0.0,113.1530395609367,-35.64345561139196,180.92080148328313,8.738211453720153
348,9.610107421875,180.0,0.0,203.0,0.0,317.0,0.0,112.94888295307314,-35.702726997360706,180.89463454278695,8.763601084052805
349,9.630126953125,180.0,0.0,207.0,0.0,317.0,0.0,112.94888295307314,-35.70272699736069,180.89463454278692,8.763601084052818
350,9.659912109375,180.0,0.0,204.0,0.0,316.0,0.0,113.1624952638075,-35.63030143042117,180.9236780112575,8.754683912911553
351,9.68994140625,180.0,0.0,208.0,0.0,315.0,0.0,113.13280313834979,-35.866187939726046,180.91065639761982,8.761016673015945
352,9.719970703125,180.0,0.0,204.0,0.0,316.0,0.0,113.10114301031896,-35.69280545943978,180.94084373057956,8.593205900018212
353,9.75,180.0,0.0,206.0,0.0,318.0,0.0,112.94266961768126,-35.681657371541824,180.94569942934214,8.729828125225266
354,9.780029296875,180.0,0.0,202.0,0.0,316.0,0.0,113.12891152022786,-35.6623577240632,180.96229377796647,8.729996772687464
355,9.800048828125,180.0,0.0,208.0,0.0,315.0,0.0,113.12891152022786,-35.6623577240632,180.96229377796647,8.729996772687464
356,9.830078125,180.0,0.0,203.0,0.0,317.0,0.0,113.15679845593729,-35.67550442848654,180.9085717633086,8.743582318873843
357,9.860107421875,180.0,0.0,208.0,0.0,316.0,0.0,113.14932967768958,-35.84710526336648,180.92324491643132,8.734217509335709
358,9.89013671875,180.0,0.0,202.0,0.0,317.0,0.0,113.14166668862813,-35.641416134515296,180.89348265815107,8.762386348696571
359,9.919921875,180.0,0.0,208.0,0.0,317.0,0.0,113.1684649535274,-35.810832736901226,180.92445510405742,8.74174467136443
360,9.93994140625,180.0,0.0,202.0,0.0,316.0,0.0,113.1602274629473,-35.65896605282077,180.95953786914063,8.73221703570708
361,9.969970703125,180.0,0.0,208.0,0.0,315.0,0.0,113.16022746294732,-35.658966052820745,180.95953786914063,8.73221703570708
362,10.0,180.0,0.0,203.0,0.0,314.0,0.0,113.63494635937833,-35.883591265944546,181.3720364662923,8.71814832595709
363,10.030029296875,180.0,0.0,206.0,0.0,318.0,0.0,113.63494635937833,-35.88359126594456,181.3720364662923,8.718148325957076
364,10.06005859375,180.0,0.0,203.0,0.0,317.0,0.0,113.68761965559389,-35.80507971250647,181.32052104622187,8.554011293282073
365,10.080078125,180.0,0.0,207.0,0.0,319.0,0.0,113.64914165509624,-36.01589061046967,181.40507394215797,8.560971333464481
366,10.110107421875,180.0,0.0,203.0,0.0,317.0,0.0,113.65485797833315,-35.851485716835114,181.38233112412752,8.38545809603777
367,10.14013671875,180.0,0.0,206.0,0.0,318.0,0.0,113.65485797833314,-35.85148571683513,181.38233112412752,8.385458096037757
368,10.169921875,180.0,0.0,204.0,0.0,316.0,0.0,113.6705985720572,-36.049228031631536,181.3611359790569,8.559514729272053
369,10.199951171875,180.0,0.0,204.0,0.0,314.0,0.0,113.64039410920005,-35.866116359565154,181.38712792817734,8.738758188386777
370,10.219970703125,180.0,0.0,202.0,0.0,316.0,0.0,113.62277764063192,-35.858444288218,181.31587883616865,8.39941782006682
371,10.25,180.0,0.0,207.0,0.0,317.0,0.0,113.44644263048747,-35.89152080053858,181.39335589067633,8.344380793150322
372,10.280029296875,180.0,0.0,206.0,0.0,316.0,0.0,113.65488361634166,-35.84529513930412,181.3756212336796,8.554531978641027
373,10.31005859375,180.0,0.0,204.0,0.0,318.0,0.0,113.65488361634166,-35.84529513930412,181.3756212336796,8.554531978641027
374,10.340087890625,180.0,0.0,206.0,0.0,316.0,0.0,113.65314296317166,-35.8451126317624,181.33774128401586,8.571923535375488
375,10.360107421875,180.0,0.0,204.0,0.0,317.0,0.0,113.65413641005853,-35.836187195580095,181.35384679825546,8.552002187107764
376,10.39013671875,180.0,0.0,204.0,0.0,316.0,0.0,113.65354408238403,-35.836006772577974,181.3714539173634,8.323660817943786
377,10.419921875,180.0,0.0,205.0,0.0,317.0,0.0,113.66437399346398,-35.838792363271054,181.36890254400305,8.373637003895773
378,10.449951171875,180.0,0.0,208.0,0.0,317.0,0.0,113.66437399346398,-35.83879236327104,181.36890254400305,8.373637003895785
379,10.47998046875,180.0,0.0,204.0,0.0,316.0,0.0,113.6865845193164,-36.00013535863537,181.34094618980797,8.350650274849817
380,10.510009765625,180.0,0.0,206.0,0.0,317.0,0.0,113.61522882127953,-35.8819080937767,181.38460992063253,8.534648421823949
381,10.530029296875,180.0,0.0,203.0,0.0,316.0,0.0,113.61027906735904,-35.83193915717934,181.3662210107526,8.405485484902371
382,10.56005859375,180.0,0.0,207.0,0.0,319.0,0.0,113.12506388695627,-35.54646144982277,180.99052386224398,8.565693128215031
383,10.590087890625,180.0,0.0,204.0,0.0,317.0,0.0,113.10748019966283,-35.46200215074625,180.92557760347472,8.568869928816813
384,10.6201171875,180.0,0.0,209.0,0.0,315.0,0.0,113.09472405846738,-35.48297167120947,180.9387974146033,8.780071839838456
385,10.64013671875,180.0,0.0,203.0,0.0,318.0,0.0,113.09472405846739,-35.482971671209484,180.93879741460336,8.780071839838442
386,10.669921875,180.0,0.0,208.0,0.0,318.0,0.0,113.11684285304159,-35.6987018359294,180.9298979485275,8.586072881456088
387,10.699951171875,180.0,0.0,202.0,0.0,317.0,0.0,113.13559293129833,-35.469574903432786,180.92557760347472,8.568869928816813
388,10.72998046875,180.0,0.0,208.0,0.0,319.0,0.0,113.0750245300143,-35.484154628652355,180.92448022701177,8.602346370731441
389,10.760009765625,180.0,0.0,203.0,0.0,320.0,0.0,113.08068532688483,-35.485687243084314,180.95300576036033,8.573239311291308
390,10.7900390625,180.0,0.0,208.0,0.0,319.0,0.0,113.12586979529863,-35.62184348282777,180.96211591053356,8.629008254178906
391,10.81005859375,180.0,0.0,204.0,0.0,320.0,0.0,113.12586979529864,-35.6218434828278,180.96211591053356,8.629008254178894
392,10.840087890625,180.0,0.0,208.0,0.0,318.0,0.0,112.92166625499728,-35.69337444268931,180.93879741460336,8.780071839838415
393,10.8701171875,180.0,0.0,203.0,0.0,318.0,0.0,113.0723040328383,-35.518622565063055,180.95718314387375,8.541623239861885
394,10.900146484375,180.0,0.0,208.0,0.0,316.0,0.0,113.0788628249742,-35.67472376675419,180.92557760347475,8.568869928816774
395,10.929931640625,180.0,0.0,202.0,0.0,316.0,0.0,113.08168030930558,-35.47674406258854,180.92534482674728,8.590573291892213
396,10.9599609375,180.0,0.0,208.0,0.0,317.0,0.0,112.93201372154371,-35.53670931025246,180.94341434917624,8.533380233830782
397,10.97998046875,180.0,0.0,203.0,0.0,319.0,0.0,112.93201372154371,-35.53670931025246,180.94341434917624,8.533380233830782
398,11.010009765625,180.0,0.0,208.0,0.0,314.0,0.0,113.11523245628096,-35.66791823410479,180.92557760347478,8.56886992881676
399,11.0400390625,180.0,0.0,203.0,0.0,318.0,0.0,113.09322727568164,-35.45679181022498,180.96601604189755,8.573527095014754
400,11.070068359375,180.0,0.0,208.0,0.0,319.0,0.0,113.10239620743994,-35.66556270910165,180.94064556745838,8.57485227998226
401,11.090087890625,180.0,0.0,203.0,0.0,318.0,0.0,113.10239620743992,-35.665562709101636,180.94064556745838,8.57485227998226
402,11.1201171875,180.0,0.0,206.0,0.0,315.0,0.0,113.5869508352393,-35.8100052167198,181.39957495211127,8.374591175355514
403,11.150146484375,180.0,0.0,205.0,0.0,320.0,0.0,113.5869508352393,-35.8100052167198,181.39957495211127,8.374591175355514
404,11.179931640625,180.0,0.0,207.0,0.0,319.0,0.0,113.59839561292371,-35.756051577586746,181.38859064662614,8.337000671143533
405,11.2099609375,180.0,0.0,204.0,0.0,319.0,0.0,113.5983956129237,-35.7560515775867,181.3885906466261,8.33700067114356
406,11.239990234375,180.0,0.0,207.0,0.0,320.0,0.0,113.62088082909612,-35.943894213546095,181.3663215818596,8.350395515071767
407,11.260009765625,180.0,0.0,204.0,0.0,319.0,0.0,113.62088082909612,-35.94389421354608,181.3663215818596,8.350395515071794
408,11.2900390625,180.0,0.0,206.0,0.0,320.0,0.0,113.57129565851612,-35.94521670463325,181.4038214063615,8.287996869632757
409,11.320068359375,180.0,0.0,206.0,0.0,318.0,0.0,113.61187993455789,-35.76978792278393,181.38925512140196,8.30832967530788
410,11.35009765625,180.0,0.0,206.0,0.0,321.0,0.0,113.61187993455789,-35.76978792278394,181.38925512140196,8.308329675307881
411,11.3701171875,180.0,0.0,206.0,0.0,324.0,0.0,113.60496722476205,-35.77561766181916,181.35827776801887,8.33573416258685
412,11.400146484375,180.0,0.0,204.0,0.0,314.0,0.0,113.61747605502703,-35.95171062102199,181.38859064662614,8.337000671143548
413,11.429931640625,180.0,0.0,204.0,0.0,319.0,0.0,113.42824479435941,-35.80321134946505,181.39647808886082,8.273492649734903
414,11.4599609375,180.0,0.0,204.0,0.0,318.0,0.0,113.62976585880735,-35.733797952805226,181.3605934718829,8.316250365448454
415,11.489990234375,180.0,0.0,207.0,0.0,319.0,0.0,113.63086830833757,-35.7568096437067,181.42339685420777,8.31591742910303
416,11.52001953125,180.0,0.0,205.0,0.0,318.0,0.0,113.63086830833757,-35.75680964370669,181.42339685420777,8.315917429103042
417,11.5400390625,180.0,0.0,204.0,0.0,320.0,0.0,113.44449814351724,-35.77157493179163,181.3844401727548,8.368574475848519
418,11.570068359375,180.0,0.0,203.0,0.0,320.0,0.0,113.57955301617831,-35.762133869897006,181.37930190988925,8.351564510013963
419,11.60009765625,180.0,0.0,207.0,0.0,319.0,0.0,113.45044551352649,-35.815280468035695,181.39730389108894,8.322874956198918
420,11.630126953125,180.0,0.0,203.0,0.0,319.0,0.0,113.6049967253793,-35.76451429689556,181.42820159645987,8.299430648097559
421,11.659912109375,180.0,0.0,208.0,0.0,319.0,0.0,113.60499672537928,-35.76451429689555,181.42820159645984,8.299430648097557
422,11.68994140625,180.0,0.0,204.0,0.0,318.0,0.0,114.08851541536745,-36.04704128640501,181.6747740977763,8.130846963821215
423,11.7099609375,180.0,0.0,206.0,0.0,317.0,0.0,114.08851541536744,-36.04704128640498,181.67477409777626,8.130846963821242
424,11.739990234375,180.0,0.0,203.0,0.0,317.0,0.0,113.90464639908092,-36.06329075419386,181.68771092219026,8.08648603254504
425,11.77001953125,180.0,0.0,208.0,0.0,320.0,0.0,113.91276467869108,-36.04965143382864,181.69437063009917,8.074322706390737
426,11.800048828125,180.0,0.0,203.0,0.0,319.0,0.0,113.88675577894486,-36.092791154157766,181.6877109221903,8.086486032545027
427,11.820068359375,180.0,0.0,208.0,0.0,319.0,0.0,113.88675577894486,-36.09279115415779,181.68771092219032,8.086486032545027
428,11.85009765625,180.0,0.0,203.0,0.0,321.0,0.0,114.08602322152848,-36.02156765987446,181.6867480618256,8.116459644948467
429,11.880126953125,180.0,0.0,207.0,0.0,319.0,0.0,114.0849850478803,-35.99739286191753,181.6859735050723,8.141037636300737
430,11.909912109375,180.0,0.0,202.0,0.0,320.0,0.0,113.88781599428923,-36.063685786367856,181.67953419672966,8.113594375667716
431,11.93994140625,180.0,0.0,208.0,0.0,320.0,0.0,114.1225895578068,-36.035635548377066,181.72073403366608,8.06756342469786
432,11.969970703125,180.0,0.0,203.0,0.0,322.0,0.0,114.11247732484615,-36.205604750676535,181.65610801563423,8.155159987239543
433,11.989990234375,180.0,0.0,207.0,0.0,318.0,0.0,114.11190321223933,-36.053026498387666,181.69626057264742,8.114098349428373
434,12.02001953125,180.0,0.0,202.0,0.0,319.0,0.0,114.11190321223931,-36.05302649838765,181.6962605726474,8.114098349428385
435,12.050048828125,180.0,0.0,207.0,0.0,320.0,0.0,114.1275401342576,-36.034400351480905,181.69278059309136,8.102958762276264
436,12.080078125,180.0,0.0,203.0,0.0,319.0,0.0,114.06849069104058,-36.025000804826,181.73082790103376,8.095581054684155
437,12.110107421875,180.0,0.0,208.0,0.0,321.0,0.0,114.12460289080327,-36.07302682537604,181.6648918444913,8.148335499674625
438,12.130126953125,180.0,0.0,203.0,0.0,319.0,0.0,114.0997941027938,-36.00271308124379,181.71294777331934,8.095042380032107
439,12.159912109375,180.0,0.0,206.0,0.0,319.0,0.0,114.0750801865243,-36.04451969988381,181.71640376024234,8.07577763110637
440,12.18994140625,180.0,0.0,203.0,0.0,320.0,0.0,114.0987035013507,-36.053027592523534,181.7108323653896,8.08150695937941
441,12.219970703125,180.0,0.0,206.0,0.0,316.0,0.0,114.0987035013507,-36.05302759252352,181.71083236538956,8.081506959379409
442,12.25,180.0,0.0,204.0,0.0,319.0,0.0,113.56616457253175,-35.96644345213102,181.34328990569375,8.099974804774057
443,12.27001953125,180.0,0.0,206.0,0.0,320.0,0.0,113.57386079317759,-35.986139781590516,181.36340486078967,8.113474129785862
444,12.300048828125,180.0,0.0,204.0,0.0,317.0,0.0,113.57386079317759,-35.98613978159053,181.36340486078967,8.113474129785876
445,12.330078125,180.0,0.0,204.0,0.0,319.0,0.0,113.57706364457583,-36.00238708753539,181.38693530592275,8.111185452735956
446,12.360107421875,180.0,0.0,203.0,0.0,319.0,0.0,113.57706364457584,-36.00238708753542,181.38693530592275,8.111185452735928
447,12.39013671875,180.0,0.0,208.0,0.0,319.0,0.0,113.59726700818129,-36.003850796721586,181.41002057066774,8.070449245939775
448,12.419921875,180.0,0.0,204.0,0.0,318.0,0.0,113.56028343219944,-35.99011032673431,181.38561008803214,8.126726602440021
449,12.43994140625,180.0,0.0,206.0,0.0,320.0,0.0,113.38574253205799,-36.04160142303478,181.3691377838989,8.107218175462549
450,12.469970703125,180.0,0.0,204.0,0.0,319.0,0.0,113.42418081744512,-35.999599828330865,181.4018850449154,8.075727038431957
451,12.5,180.0,0.0,205.0,0.0,320.0,0.0,113.3844588369144,-36.19993981082976,181.36330618345545,8.091081172095826
452,12.530029296875,180.0,0.0,203.0,0.0,319.0,0.0,113.58482949449393,-35.98272425638735,181.38621549969935,8.126606418801744
453,12.550048828125,180.0,0.0,208.0,0.0,320.0,0.0,113.58482949449393,-35.98272425638735,181.38621549969935,8.126606418801744
454,12.580078125,180.0,0.0,205.0,0.0,318.0,0.0,113.52263972451777,-36.0038775656559,181.31278235998468,8.084338245602499
455,12.610107421875,180.0,0.0,206.0,0.0,320.0,0.0,113.41050394868603,-36.05050378517655,181.3358829980562,8.071471477437534
456,12.64013671875,180.0,0.0,205.0,0.0,316.0,0.0,113.56501326994247,-35.9995697573036,181.3655913507386,8.043373134127195
457,12.669921875,180.0,0.0,204.0,0.0,319.0,0.0,113.42524032404876,-36.164850284956024,181.3485608622904,8.034478302114081
458,12.699951171875,180.0,0.0,204.0,0.0,319.0,0.0,113.57830632364464,-35.997253741155674,181.3601710751277,8.048326610646965
459,12.719970703125,180.0,0.0,207.0,0.0,319.0,0.0,113.57830632364464,-35.997253741155674,181.3601710751277,8.048326610646965
460,12.75,180.0,0.0,207.0,0.0,322.0,0.0,113.56245323823357,-36.045173208959326,181.34616797648897,8.071606793769009
461,12.780029296875,180.0,0.0,204.0,0.0,322.0,0.0,113.58067134791568,-36.00954825665704,181.38721875618575,8.058618304975308
462,12.81005859375,180.0,0.0,206.0,0.0,318.0,0.0,113.51751942698544,-36.249528588237,181.52631957621466,8.079325946108572
463,12.840087890625,180.0,0.0,203.0,0.0,319.0,0.0,113.66276978187926,-36.08010651143144,181.5433094098968,8.098735259893152
464,12.860107421875,180.0,0.0,206.0,0.0,321.0,0.0,113.66276978187926,-36.080106511431424,181.5433094098968,8.098735259893166
465,12.89013671875,180.0,0.0,204.0,0.0,320.0,0.0,113.6997775365675,-36.08428855068777,181.4966647206674,8.085716101356908
466,12.919921875,180.0,0.0,208.0,0.0,318.0,0.0,113.73158855846326,-36.055632753413214,181.53253428563846,8.132973216510287
467,12.949951171875,180.0,0.0,203.0,0.0,322.0,0.0,113.73202409228851,-36.066735311505795,181.48963787336575,8.085543878676845
468,12.97998046875,180.0,0.0,210.0,0.0,319.0,0.0,113.70429763168687,-36.26189178263999,181.46881659953254,8.056465075487182
469,13.010009765625,180.0,0.0,203.0,0.0,319.0,0.0,113.67240452001431,-36.06585798872446,181.54047750634595,8.059730483138686
470,13.030029296875,180.0,0.0,208.0,0.0,320.0,0.0,113.67240452001431,-36.06585798872443,181.54047750634595,8.059730483138686
471,13.06005859375,180.0,0.0,204.0,0.0,319.0,0.0,113.68452882663402,-36.25299922846806,181.5011862102993,8.092304411413066
472,13.090087890625,180.0,0.0,207.0,0.0,322.0,0.0,113.66852159435624,-36.05774957909143,181.53313880528782,8.074337043513783
473,13.1201171875,180.0,0.0,204.0,0.0,319.0,0.0,113.5193979321057,-36.05587173768725,181.4734351671965,8.063289020708076
474,13.14013671875,180.0,0.0,208.0,0.0,320.0,0.0,113.68788361628685,-36.09998548025679,181.4911187039247,8.035984072128604
475,13.169921875,180.0,0.0,204.0,0.0,319.0,0.0,113.68800028547568,-36.10318539242783,181.48218808792893,8.077727374639913
476,13.199951171875,180.0,0.0,208.0,0.0,319.0,0.0,113.68800028547568,-36.10318539242783,181.48218808792893,8.077727374639913
477,13.22998046875,180.0,0.0,203.0,0.0,320.0,0.0,113.72008857361318,-36.075631370884516,181.52689699006038,8.09237332076922
478,13.260009765625,180.0,0.0,207.0,0.0,320.0,0.0,113.68931466412562,-36.27092031962806,181.46768147177312,8.04742406515384
479,13.280029296875,180.0,0.0,203.0,0.0,319.0,0.0,113.65888163147184,-36.28540347996505,181.4940083554343,8.089650830196703
480,13.31005859375,180.0,0.0,208.0,0.0,319.0,0.0,113.69032139101111,-36.073995416015876,181.50570176282906,8.10253392147366
481,13.340087890625,180.0,0.0,203.0,0.0,322.0,0.0,113.73803847369305,-36.04902201064605,181.4924550985881,8.077856031199575
482,13.3701171875,180.0,0.0,208.0,0.0,322.0,0.0,113.51963841195308,-35.81186397142517,181.33031100500227,8.206589505425168
483,13.400146484375,180.0,0.0,203.0,0.0,321.0,0.0,113.54713864276192,-35.76415959858708,181.30546474675754,8.231301262021692
484,13.429931640625,180.0,0.0,205.0,0.0,320.0,0.0,113.54388557842253,-35.794969142090544,181.34206352117235,8.218116630182681
485,13.449951171875,180.0,0.0,204.0,0.0,319.0,0.0,113.54950902496203,-35.79269726816777,181.3042248256803,8.172626875002422
486,13.47998046875,180.0,0.0,207.0,0.0,323.0,0.0,113.52956397179214,-35.828635024794096,181.2947416193877,8.217244991162975
487,13.510009765625,180.0,0.0,205.0,0.0,322.0,0.0,113.52956397179214,-35.82863502479411,181.29474161938774,8.217244991162962
488,13.5400390625,180.0,0.0,204.0,0.0,319.0,0.0,113.56667634027309,-35.81621800041419,181.29703912066606,8.226253259517744
489,13.570068359375,180.0,0.0,203.0,0.0,320.0,0.0,113.56667634027308,-35.816218000414175,181.29703912066606,8.22625325951773
490,13.590087890625,180.0,0.0,203.0,0.0,322.0,0.0,113.3761587852319,-36.00133538999686,181.27287337392022,8.192006676752705
491,13.6201171875,180.0,0.0,206.0,0.0,322.0,0.0,113.5597102844009,-35.819804539783874,181.3042248256803,8.172626875002432
492,13.650146484375,180.0,0.0,205.0,0.0,320.0,0.0,113.34870891092834,-35.83029985589966,181.35448499278,8.205802902835192
493,13.679931640625,180.0,0.0,207.0,0.0,320.0,0.0,113.54713864276191,-35.764159598587064,181.29434331692988,8.205414973227342
494,13.7099609375,180.0,0.0,203.0,0.0,320.0,0.0,113.37615878523188,-36.00133538999685,181.30997245983153,8.147830199752452
495,13.739990234375,180.0,0.0,205.0,0.0,321.0,0.0,113.37615878523188,-36.00133538999683,181.30997245983153,8.147830199752464
496,13.760009765625,180.0,0.0,203.0,0.0,320.0,0.0,113.57090863932143,-35.8004737303933,181.3441530832207,8.16787674296189
497,13.7900390625,180.0,0.0,208.0,0.0,320.0,0.0,113.55904600612772,-35.79112802260629,181.29776753112523,8.167169419271032
498,13.820068359375,180.0,0.0,204.0,0.0,321.0,0.0,113.57819860473336,-35.80152501195377,181.33495019696616,8.222556546419149
499,13.85009765625,180.0,0.0,208.0,0.0,319.0,0.0,113.59589876068038,-35.786289835485064,181.31894323016556,8.162259715638557
500,13.8701171875,180.0,0.0,203.0,0.0,320.0,0.0,113.55256605321343,-35.8055781509598,181.31166803799752,8.233146792217138
501,13.900146484375,180.0,0.0,206.0,0.0,323.0,0.0,113.55256605321343,-35.8055781509598,181.31166803799752,8.233146792217138
502,13.929931640625,180.0,0.0,203.0,0.0,320.0,0.0,113.34509309789753,-35.63157320008575,181.1472253101854,8.250358328999749
503,13.9599609375,180.0,0.0,208.0,0.0,319.0,0.0,113.1559273778096,-35.64671813817451,181.1243874122764,8.227476312098675
504,13.989990234375,180.0,0.0,203.0,0.0,322.0,0.0,113.1559273778096,-35.6467181381745,181.1243874122764,8.227476312098675
505,14.02001953125,180.0,0.0,209.0,0.0,322.0,0.0,113.31765811758856,-35.67462916775336,181.1143693415068,8.214112273031873
506,14.0400390625,180.0,0.0,202.0,0.0,321.0,0.0,113.29998837141602,-35.68028941439792,181.17800316207598,8.257967129767287
507,14.070068359375,180.0,0.0,208.0,0.0,322.0,0.0,113.299988371416,-35.68028941439789,181.17800316207598,8.257967129767314
508,14.10009765625,180.0,0.0,203.0,0.0,321.0,0.0,113.17714351501081,-35.63857834911774,181.14808379602874,8.218227183199055
509,14.130126953125,180.0,0.0,207.0,0.0,322.0,0.0,113.35627467690954,-35.66672662763109,181.14204086640518,8.198627561573483
510,14.159912109375,180.0,0.0,203.0,0.0,320.0,0.0,113.30940963111331,-35.70007522574198,181.13294693444846,8.24082167502826
511,14.179931640625,180.0,0.0,207.0,0.0,320.0,0.0,113.32054582111314,-35.69392954508271,181.14749785313643,8.205120935163425
512,14.2099609375,180.0,0.0,203.0,0.0,323.0,0.0,113.32475305500373,-35.68683695480892,181.13835353733356,8.20414139079835
513,14.239990234375,180.0,0.0,209.0,0.0,320.0,0.0,113.32475305500373,-35.68683695480893,181.13835353733356,8.20414139079835
514,14.27001953125,180.0,0.0,206.0,0.0,320.0,0.0,113.15316164494125,-35.87510739119502,181.1485060692499,8.204112273164757
515,14.300048828125,180.0,0.0,206.0,0.0,320.0,0.0,113.36052102560251,-35.63258254344669,181.10086751033722,8.214176689879965
516,14.320068359375,180.0,0.0,204.0,0.0,320.0,0.0,113.34697327596298,-35.66350115187537,181.1437895238459,8.210623619115328
517,14.35009765625,180.0,0.0,205.0,0.0,321.0,0.0,113.35408742777076,-35.696767677648076,181.116032896835,8.203140032136375
518,14.380126953125,180.0,0.0,204.0,0.0,321.0,0.0,113.35373077707177,-35.637843487411885,181.13503919374165,8.240572245449712
519,14.409912109375,180.0,0.0,208.0,0.0,322.0,0.0,113.35373077707177,-35.637843487411885,181.13503919374165,8.240572245449712
520,14.43994140625,180.0,0.0,207.0,0.0,320.0,0.0,113.3148247662891,-35.6855562880814,181.14555090454206,8.24985787498778
521,14.469970703125,180.0,0.0,206.0,0.0,321.0,0.0,113.36772591413272,-35.66650910215019,181.19168301974796,8.265922623178163
522,14.489990234375,180.0,0.0,204.0,0.0,322.0,0.0,113.68242014749936,-36.027015012111896,181.5070039578813,8.072249847046127
523,14.52001953125,180.0,0.0,204.0,0.0,323.0,0.0,113.68242014749936,-36.02701501211188,181.5070039578813,8.072249847046127
524,14.550048828125,180.0,0.0,204.0,0.0,322.0,0.0,113.7345760046815,-36.16767535063117,181.49026805508362,8.031981122939282
525,14.580078125,180.0,0.0,207.0,0.0,320.0,0.0,113.7345760046815,-36.16767535063117,181.49026805508362,8.031981122939282
526,14.60009765625,180.0,0.0,207.0,0.0,324.0,0.0,113.71555161261776,-36.02024406171486,181.50323911410212,8.053031903743584
527,14.630126953125,180.0,0.0,204.0,0.0,318.0,0.0,113.68858963943562,-36.011577692161396,181.47629268264143,8.055361217524773
528,14.659912109375,180.0,0.0,203.0,0.0,322.0,0.0,113.7012605141646,-36.0005175926494,181.5093981000058,8.04641768392899
529,14.68994140625,180.0,0.0,204.0,0.0,320.0,0.0,113.7094551072384,-36.005866364967304,181.50491956306848,8.052847858185487
530,14.719970703125,180.0,0.0,204.0,0.0,322.0,0.0,113.71658816145232,-36.04428271260362,181.54437353150985,8.072889234052067
531,14.75,180.0,0.0,207.0,0.0,318.0,0.0,113.7242641874724,-36.202907444135604,181.4956938548848,8.03846569128262
532,14.77001953125,180.0,0.0,208.0,0.0,322.0,0.0,113.7242641874724,-36.202907444135576,181.49569385488473,8.038465691282632
533,14.800048828125,180.0,0.0,205.0,0.0,320.0,0.0,113.7370187020394,-35.991153446165626,181.49026805508367,8.031981122939241
534,14.830078125,180.0,0.0,203.0,0.0,321.0,0.0,113.73326164948797,-36.03975694657973,181.52406166345514,8.056503102248403
535,14.860107421875,180.0,0.0,206.0,0.0,321.0,0.0,113.72605212744828,-36.031077423860076,181.50426830614134,8.02252583993893
536,14.89013671875,180.0,0.0,203.0,0.0,321.0,0.0,113.69907438891931,-36.19801339224912,181.49717015201009,8.027039031481799
537,14.909912109375,180.0,0.0,208.0,0.0,323.0,0.0,113.6980533143647,-36.197601795680505,181.54224361135562,8.016537729082925
538,14.93994140625,180.0,0.0,204.0,0.0,320.0,0.0,113.6980533143647,-36.197601795680505,181.54224361135562,8.016537729082938
539,14.969970703125,180.0,0.0,208.0,0.0,322.0,0.0,113.69679040187823,-36.05682028627507,181.50426830614128,8.022525839938943
540,15.0,180.0,0.0,203.0,0.0,323.0,0.0,113.70499870291877,-36.00771001492842,181.5271513585827,8.010947362852896
541,15.030029296875,180.0,0.0,208.0,0.0,320.0,0.0,113.70837325400875,-35.9861094010666,181.52606588625622,8.016259167573065
542,15.050048828125,180.0,0.0,202.0,0.0,320.0,0.0,113.52434529049347,-36.101223207236416,181.41150932969708,7.9463423219049725
543,15.080078125,180.0,0.0,207.0,0.0,321.0,0.0,113.3830546993292,-36.073108681144554,181.39768749016125,7.938423130705456
544,15.110107421875,180.0,0.0,203.0,0.0,322.0,0.0,113.3830546993292,-36.073108681144554,181.39768749016125,7.938423130705456
545,15.14013671875,180.0,0.0,207.0,0.0,320.0,0.0,113.49109274661619,-36.084426241422975,181.37477075040226,7.9500435645532095
546,15.169921875,180.0,0.0,205.0,0.0,322.0,0.0,113.52039990553465,-36.047058312813235,181.4115093296971,7.946342321904973
547,15.199951171875,180.0,0.0,204.0,0.0,320.0,0.0,113.53586890755054,-36.0812191167386,181.37724569663976,7.952876913526786
548,15.219970703125,180.0,0.0,204.0,0.0,319.0,0.0,113.53104334380458,-36.20855364589001,181.39768749016127,7.938423130705442
549,15.25,180.0,0.0,203.0,0.0,319.0,0.0,113.55059946128159,-36.04671514526819,181.3837222444743,7.927334436148823
550,15.280029296875,180.0,0.0,204.0,0.0,323.0,0.0,113.55059946128159,-36.0467151452682,181.38372224447434,7.927334436148795
551,15.31005859375,180.0,0.0,204.0,0.0,320.0,0.0,113.51050465421962,-36.06944770523166,181.4138964863829,7.92964029538634
552,15.330078125,180.0,0.0,207.0,0.0,316.0,0.0,113.51426341334624,-36.06150323462224,181.4252678214562,7.927125374084804
553,15.360107421875,180.0,0.0,203.0,0.0,323.0,0.0,113.53522665702505,-36.04123212836054,181.43591385034256,7.912965376759784
554,15.39013671875,180.0,0.0,208.0,0.0,321.0,0.0,113.50546416844757,-36.088989565183354,181.41276993817945,7.9098107912553495
555,15.419921875,180.0,0.0,203.0,0.0,322.0,0.0,113.3642959068057,-36.10090319399175,181.40586451602982,7.914760286345974
556,15.449951171875,180.0,0.0,207.0,0.0,321.0,0.0,113.3642959068057,-36.10090319399175,181.40586451602982,7.914760286345974
557,15.47998046875,180.0,0.0,204.0,0.0,321.0,0.0,113.50895322565813,-36.101157723344244,181.41276993817948,7.909810791255336
558,15.5,180.0,0.0,208.0,0.0,322.0,0.0,113.52045878264113,-36.08122197096587,181.4058275849681,7.924160424482423
559,15.530029296875,180.0,0.0,204.0,0.0,321.0,0.0,113.58108762779678,-36.062905382857835,181.3861964633322,7.758967489239909
560,15.56005859375,180.0,0.0,208.0,0.0,319.0,0.0,113.58108762779678,-36.06290538285782,181.3861964633322,7.758967489239909
561,15.590087890625,180.0,0.0,204.0,0.0,318.0,0.0,113.53084505691163,-36.02481425839958,181.426657042951,7.9177106024101445
562,15.6201171875,180.0,0.0,204.0,0.0,320.0,0.0,113.224528726099,-35.76709841288537,181.1934619414373,8.226892194408613
563,15.64013671875,180.0,0.0,204.0,0.0,322.0,0.0,113.25980962944989,-35.60153548730502,181.17882201568764,8.10378641992003
564,15.669921875,180.0,0.0,206.0,0.0,320.0,0.0,113.24830221995161,-35.61940356258103,181.20391768805328,8.06167037196045
565,15.699951171875,180.0,0.0,206.0,0.0,324.0,0.0,113.24830221995161,-35.61940356258103,181.20391768805328,8.06167037196045
566,15.72998046875,180.0,0.0,204.0,0.0,323.0,0.0,113.24812107885961,-35.58465387666388,181.20634562744698,8.225557593446773
567,15.760009765625,180.0,0.0,208.0,0.0,322.0,0.0,113.24472121004436,-35.5434990061897,181.18117748283987,8.076068506632385
568,15.780029296875,180.0,0.0,205.0,0.0,324.0,0.0,113.24472121004437,-35.543499006189755,181.18117748283993,8.076068506632344
569,15.81005859375,180.0,0.0,207.0,0.0,322.0,0.0,113.23625710800462,-35.78000333171032,181.16781122868167,8.25928369318281
570,15.840087890625,180.0,0.0,204.0,0.0,322.0,0.0,113.23625710800462,-35.78000333171033,181.16781122868167,8.25928369318281
571,15.8701171875,180.0,0.0,207.0,0.0,321.0,0.0,113.21249542991184,-35.62752909412446,181.18844265925458,8.055195828437563
572,15.900146484375,180.0,0.0,203.0,0.0,321.0,0.0,113.26065955376842,-35.60334075800807,181.1884426592546,8.055195828437537
573,15.929931640625,180.0,0.0,209.0,0.0,319.0,0.0,113.05844753803495,-35.57934827861951,181.20391768805337,8.061670371960382
574,15.949951171875,180.0,0.0,203.0,0.0,321.0,0.0,113.05844753803495,-35.57934827861953,181.2039176880534,8.061670371960368
575,15.97998046875,180.0,0.0,209.0,0.0,321.0,0.0,113.2248431908228,-35.6225551770696,181.2039176880534,8.061670371960368
576,16.010009765625,180.0,0.0,204.0,0.0,320.0,0.0,113.25213194537494,-35.582653422347185,181.18117748284004,8.07606850663225
577,16.0400390625,180.0,0.0,207.0,0.0,320.0,0.0,113.22635470235421,-35.61091655210238,181.14850522618246,8.087561592455337
578,16.06005859375,180.0,0.0,203.0,0.0,319.0,0.0,113.20654102981277,-35.614281882498666,181.2074356296384,7.868998189454794
579,16.090087890625,180.0,0.0,204.0,0.0,323.0,0.0,113.20654102981278,-35.614281882498695,181.20743562963844,7.86899818945478
580,16.1201171875,180.0,0.0,207.0,0.0,321.0,0.0,113.24393706316673,-35.59192270230704,181.22019654027787,7.898469132267973
581,16.150146484375,180.0,0.0,206.0,0.0,325.0,0.0,113.24812107885967,-35.58465387666418,181.19671254428312,8.053725450472506
582,16.179931640625,180.0,0.0,205.0,0.0,324.0,0.0,112.73512502761476,-36.12714868757187,180.4890174239624,7.141851852148337
583,16.2099609375,180.0,0.0,204.0,0.0,322.0,0.0,112.73512502761477,-36.12714868757188,180.4890174239624,7.141851852148337
584,16.22998046875,180.0,0.0,207.0,0.0,320.0,0.0,112.78503838569445,-36.06906134887512,180.51710984489063,7.147116204652356
585,16.260009765625,180.0,0.0,203.0,0.0,320.0,0.0,112.74951161022969,-36.07472201326718,180.48498232972702,7.17514253094684
586,16.2900390625,180.0,0.0,206.0,0.0,320.0,0.0,112.74951161022969,-36.07472201326719,180.48498232972702,7.17514253094684
587,16.320068359375,180.0,0.0,204.0,0.0,319.0,0.0,112.74238693146154,-36.08899161140576,180.50162890725102,7.1407041657340695
588,16.35009765625,180.0,0.0,209.0,0.0,321.0,0.0,112.72536675022278,-36.14813282156684,180.5327123185794,6.984786763677068
589,16.3701171875,180.0,0.0,203.0,0.0,322.0,0.0,112.8017371969887,-36.29847034467534,180.5105515149574,6.969190725270615
590,16.400146484375,180.0,0.0,208.0,0.0,322.0,0.0,112.7918528035691,-36.11177933952593,180.49545914810847,6.963242060088097
591,16.429931640625,180.0,0.0,203.0,0.0,324.0,0.0,112.75514388269364,-36.28886550427062,180.62837735500557,6.950851786467354
592,16.4599609375,180.0,0.0,205.0,0.0,321.0,0.0,112.77042564665115,-36.31408036577938,180.48792450098352,6.965932076149072
593,16.489990234375,180.0,0.0,202.0,0.0,322.0,0.0,112.77042564665115,-36.31408036577938,180.48792450098352,6.965932076149086
594,16.52001953125,180.0,0.0,207.0,0.0,327.0,0.0,112.58087562767844,-36.091653123082665,180.49406272304583,6.997474544576912
595,16.5400390625,180.0,0.0,204.0,0.0,324.0,0.0,112.77725926208049,-36.31795399562062,180.50384950977372,7.012540348023475
596,16.570068359375,180.0,0.0,208.0,0.0,322.0,0.0,112.77200678800963,-36.28386658464263,180.4576247382766,6.963991257121156
597,16.60009765625,180.0,0.0,205.0,0.0,322.0,0.0,112.78666846217666,-36.14133649347096,180.49567617630748,7.1315381348637
598,16.630126953125,180.0,0.0,203.0,0.0,319.0,0.0,112.78666846217666,-36.14133649347096,180.49567617630748,7.1315381348637
599,16.659912109375,180.0,0.0,204.0,0.0,322.0,0.0,112.73070529431538,-36.12937423156476,180.51987059182883,6.955481852839175
600,16.679931640625,180.0,0.0,204.0,0.0,320.0,0.0,112.76426596582888,-36.0800938988933,180.48377744983617,6.933841084608625
601,16.7099609375,180.0,0.0,208.0,0.0,323.0,0.0,112.58348681597569,-36.16955690284772,180.49682523534796,6.968214968492056
602,16.739990234375,180.0,0.0,204.0,0.0,321.0,0.0,113.48708012348199,-36.06754136269697,181.14789774784265,7.241398775696821
603,16.77001953125,180.0,0.0,208.0,0.0,319.0,0.0,113.45930311518775,-36.00769308285673,181.15487867549416,7.250027802997392
604,16.7900390625,180.0,0.0,203.0,0.0,322.0,0.0,113.4406906954931,-36.04181161831797,181.13669687094253,7.231967496331097
605,16.820068359375,180.0,0.0,208.0,0.0,323.0,0.0,113.4406906954931,-36.041811618317965,181.1366968709425,7.2319674963311105
606,16.85009765625,180.0,0.0,203.0,0.0,321.0,0.0,113.4689327066416,-36.07651980542816,181.15661810927645,7.462992244748493
607,16.880126953125,180.0,0.0,208.0,0.0,320.0,0.0,113.2729959954336,-36.04507990811999,181.15487867549416,7.250027802997406
608,16.909912109375,180.0,0.0,204.0,0.0,324.0,0.0,113.30244716137926,-36.05555594257851,181.12468000100677,7.248025977465522
609,16.93994140625,180.0,0.0,208.0,0.0,320.0,0.0,113.47714179535656,-35.99532321676502,181.15487867549416,7.250027802997392
610,16.9599609375,180.0,0.0,204.0,0.0,320.0,0.0,113.47714179535656,-35.99532321676501,181.15487867549416,7.250027802997419
611,16.989990234375,180.0,0.0,208.0,0.0,322.0,0.0,113.43790098263773,-36.03633383016313,181.1436298107355,7.246544231156264
612,17.02001953125,180.0,0.0,204.0,0.0,325.0,0.0,113.48533499722019,-36.17632013185422,181.12744707012962,7.245649943772243
613,17.050048828125,180.0,0.0,205.0,0.0,321.0,0.0,113.45318148156441,-36.013092433012176,181.15487867549413,7.250027802997433
614,17.080078125,180.0,0.0,204.0,0.0,323.0,0.0,113.27941445450945,-36.23286894904478,181.1449897622444,7.221343382768669
615,17.10009765625,180.0,0.0,206.0,0.0,322.0,0.0,113.41475059521966,-36.01434454433894,181.1339754577093,7.234271109190024
616,17.130126953125,180.0,0.0,207.0,0.0,319.0,0.0,113.41475059521966,-36.01434454433897,181.1339754577093,7.23427110919001
617,17.159912109375,180.0,0.0,204.0,0.0,323.0,0.0,113.44494313283913,-35.99332641188524,181.10251046669146,7.261505376107079
618,17.18994140625,180.0,0.0,208.0,0.0,321.0,0.0,113.47337472541022,-36.00177961653108,181.13569470125614,7.235087772422316
619,17.219970703125,180.0,0.0,203.0,0.0,321.0,0.0,113.46540522133725,-36.05047014318302,181.1675202721501,7.2142756818824
620,17.25,180.0,0.0,208.0,0.0,324.0,0.0,113.46300617228056,-35.99573987305483,181.14556435696363,7.263719008341543
621,17.27001953125,180.0,0.0,203.0,0.0,322.0,0.0,113.44595752163937,-36.028436671299744,181.13669687094261,7.231967496331033
622,17.300048828125,180.0,0.0,208.0,0.0,320.0,0.0,113.70877403330915,-35.83665409536342,181.46723218888002,7.611751620958957
623,17.330078125,180.0,0.0,202.0,0.0,319.0,0.0,113.74221177905385,-35.79561994147705,181.48096558709858,7.596556326782078
624,17.360107421875,180.0,0.0,207.0,0.0,322.0,0.0,113.74221177905383,-35.79561994147702,181.48096558709858,7.5965563267820775
625,17.380126953125,180.0,0.0,205.0,0.0,321.0,0.0,113.7134859387734,-35.79338294980462,181.48790908741745,7.611142358620201
626,17.409912109375,180.0,0.0,208.0,0.0,324.0,0.0,113.73001635301151,-35.7658777766632,181.49915825380015,7.614621505492071
627,17.43994140625,180.0,0.0,204.0,0.0,321.0,0.0,113.71102293238029,-35.80918598825859,181.46996495283148,7.609444688305277
628,17.469970703125,180.0,0.0,206.0,0.0,321.0,0.0,113.55429292129847,-35.79003634171396,181.43399914843766,7.587681494932969
629,17.5,180.0,0.0,204.0,0.0,320.0,0.0,113.55429292129847,-35.79003634171396,181.43399914843766,7.587681494932969
630,17.530029296875,180.0,0.0,206.0,0.0,321.0,0.0,113.67247704731213,-35.83675837487569,181.44271621729484,7.5735771116454025
631,17.550048828125,180.0,0.0,208.0,0.0,324.0,0.0,113.5570363319294,-35.82828387588396,181.45490058848912,7.6034916439653335
632,17.580078125,180.0,0.0,205.0,0.0,321.0,0.0,113.73113775741116,-35.78884527624167,181.47829968423054,7.598801860133111
633,17.610107421875,180.0,0.0,209.0,0.0,322.0,0.0,113.72921296132812,-35.785811880398846,181.48815530949184,7.62756259519074
634,17.64013671875,180.0,0.0,204.0,0.0,321.0,0.0,113.6921891476868,-35.835501068497294,181.4700046851412,7.538294360749957
635,17.669921875,180.0,0.0,207.0,0.0,323.0,0.0,113.6921891476868,-35.835501068497265,181.47000468514116,7.538294360749983
636,17.68994140625,180.0,0.0,202.0,0.0,322.0,0.0,113.69615637934425,-35.80390467065784,181.47595383205692,7.597541751895752
637,17.719970703125,180.0,0.0,207.0,0.0,323.0,0.0,113.76224195089833,-35.789665104716754,181.50090003294105,7.591735298398698
638,17.75,180.0,0.0,202.0,0.0,324.0,0.0,113.73578791834989,-35.80663785521811,181.5020754553118,7.634738929082655
639,17.780029296875,180.0,0.0,209.0,0.0,322.0,0.0,113.7039813744555,-35.81605638968884,181.47861928552692,7.595306761244366
640,17.81005859375,180.0,0.0,205.0,0.0,322.0,0.0,113.71348593877339,-35.79338294980459,181.49949013970766,7.534560123551372
641,17.830078125,180.0,0.0,208.0,0.0,322.0,0.0,113.71244948526376,-35.96512440448023,181.49786608583125,7.578412064003945
642,17.860107421875,180.0,0.0,205.0,0.0,319.0,0.0,113.60100942477342,-36.28216511036534,181.61958533890535,7.554715429761108
643,17.89013671875,180.0,0.0,204.0,0.0,322.0,0.0,113.61771413740317,-36.1058235293237,181.59005422157298,7.552956354375456
644,17.919921875,180.0,0.0,205.0,0.0,319.0,0.0,113.56167965529843,-36.18426655744621,181.6255467305116,7.523019932559678
645,17.949951171875,180.0,0.0,204.0,0.0,323.0,0.0,113.62723091414128,-36.09248878467923,181.63819157299173,7.535988826040219
646,17.97998046875,180.0,0.0,208.0,0.0,321.0,0.0,113.60907243941205,-36.17779600309145,181.80469219443057,7.550545025340165
647,18.0,180.0,0.0,205.0,0.0,320.0,0.0,113.60907243941205,-36.177796003091466,181.80469219443057,7.550545025340166
648,18.030029296875,180.0,0.0,208.0,0.0,324.0,0.0,113.62352154971684,-36.15522593674952,181.64266384606793,7.5343448778706845
649,18.06005859375,180.0,0.0,203.0,0.0,322.0,0.0,113.62352154971684,-36.15522593674953,181.64266384606793,7.534344877870671
650,18.090087890625,180.0,0.0,209.0,0.0,323.0,0.0,113.60832289966653,-36.14828711493247,181.66836844281323,7.560623693232295
651,18.110107421875,180.0,0.0,204.0,0.0,320.0,0.0,113.60832289966653,-36.14828711493247,181.66836844281323,7.560623693232295
652,18.14013671875,180.0,0.0,208.0,0.0,322.0,0.0,113.59793752275922,-36.14017052368713,181.61170458705243,7.536821404974819
653,18.169921875,180.0,0.0,204.0,0.0,323.0,0.0,113.60111089072367,-36.13344789269629,181.64361780488878,7.535125638895336
654,18.199951171875,180.0,0.0,208.0,0.0,323.0,0.0,113.60111089072367,-36.13344789269629,181.64361780488878,7.535125638895336
655,18.22998046875,180.0,0.0,205.0,0.0,321.0,0.0,113.57147458114272,-36.134033376139996,181.79561834234795,7.56179877532418
656,18.260009765625,180.0,0.0,206.0,0.0,323.0,0.0,113.56609550930267,-36.147557545393944,181.61958533890538,7.554715429761094
657,18.280029296875,180.0,0.0,204.0,0.0,325.0,0.0,113.61458063605596,-36.112498144928885,181.7851853599385,7.474620839161068
658,18.31005859375,180.0,0.0,204.0,0.0,322.0,0.0,113.58140953639928,-36.1458619234159,181.5979321321759,7.528595408284824
659,18.340087890625,180.0,0.0,205.0,0.0,321.0,0.0,113.41127096565448,-36.16571348328352,181.61695811667565,7.556889759561118
660,18.3701171875,180.0,0.0,207.0,0.0,323.0,0.0,113.41127096565447,-36.165713483283504,181.61695811667565,7.556889759561118
661,18.400146484375,180.0,0.0,208.0,0.0,323.0,0.0,113.62271495407259,-36.15301435956663,181.6243449307155,7.517531172825574
662,18.419921875,180.0,0.0,203.0,0.0,322.0,0.0,113.91472602255617,-35.52733188752265,181.576152737133,7.7206033847811
663,18.449951171875,180.0,0.0,208.0,0.0,322.0,0.0,113.9147260225562,-35.527331887522664,181.576152737133,7.7206033847810875
664,18.47998046875,180.0,0.0,203.0,0.0,324.0,0.0,113.92744073769487,-35.47622181957828,181.5531094785999,7.761300303767314
665,18.510009765625,180.0,0.0,209.0,0.0,321.0,0.0,113.92337488201716,-35.50515193356208,181.55550715660405,7.7820285952985495
666,18.5400390625,180.0,0.0,203.0,0.0,322.0,0.0,113.92337488201716,-35.50515193356208,181.55550715660405,7.7820285952985495
667,18.56005859375,180.0,0.0,206.0,0.0,321.0,0.0,113.92766497241307,-35.55381937105267,181.56680669928323,7.7251344758506075
668,18.590087890625,180.0,0.0,204.0,0.0,320.0,0.0,113.90046630133314,-35.54687143360525,181.5737592323801,7.706870196701113
669,18.6201171875,180.0,0.0,204.0,0.0,325.0,0.0,113.93658921723649,-35.485504732354535,181.60035435233317,7.773076786070449
670,18.650146484375,180.0,0.0,209.0,0.0,321.0,0.0,113.745108388747,-35.56004207720017,181.60100152812976,7.763825163181081
671,18.679931640625,180.0,0.0,203.0,0.0,321.0,0.0,113.90652010582474,-35.541539280992104,181.5532932329972,7.765561634492716
672,18.7099609375,180.0,0.0,207.0,0.0,321.0,0.0,113.90652010582474,-35.54153928099209,181.55329323299716,7.765561634492729
673,18.72998046875,180.0,0.0,204.0,0.0,323.0,0.0,113.88429090010183,-35.52730590126389,181.75384279062553,7.745951488113902
674,18.760009765625,180.0,0.0,207.0,0.0,320.0,0.0,113.92507349926933,-35.55549311579624,181.57522043680598,7.697589720611384
675,18.7900390625,180.0,0.0,203.0,0.0,322.0,0.0,113.92507349926933,-35.55549311579624,181.57522043680598,7.697589720611384
676,18.820068359375,180.0,0.0,208.0,0.0,323.0,0.0,113.74779260442061,-35.69967792745301,181.54186228226447,7.752091449077966
677,18.840087890625,180.0,0.0,205.0,0.0,326.0,0.0,113.9271520355405,-35.49869061105103,181.5993664227456,7.740738147045645
678,18.8701171875,180.0,0.0,208.0,0.0,322.0,0.0,113.90576684099464,-35.67207063189855,181.59071363867247,7.695903150866393
679,18.900146484375,180.0,0.0,204.0,0.0,323.0,0.0,113.90576684099464,-35.67207063189855,181.59071363867247,7.695903150866379
680,18.929931640625,180.0,0.0,208.0,0.0,322.0,0.0,113.89821663063667,-35.55255830599788,181.57844064095815,7.737852073606531
681,18.9599609375,180.0,0.0,204.0,0.0,322.0,0.0,113.73008500091805,-35.7274649032804,181.570957797634,7.773240696568284
682,18.989990234375,180.0,0.0,203.0,0.0,323.0,0.0,113.67284524528526,-35.86901185780671,181.52851232998142,7.647027109890297
683,19.010009765625,180.0,0.0,206.0,0.0,321.0,0.0,113.7033241865633,-35.73577570334961,181.54316352257803,7.649173561567764
684,19.0400390625,180.0,0.0,204.0,0.0,322.0,0.0,113.7033241865633,-35.735775703349624,181.54316352257803,7.649173561567764
685,19.070068359375,180.0,0.0,209.0,0.0,325.0,0.0,113.69570495642374,-35.9091991402725,181.5924149978742,7.6560055097830935
686,19.10009765625,180.0,0.0,204.0,0.0,323.0,0.0,113.71211504576276,-35.716719398663535,181.54608895669801,7.7012594422741385
687,19.130126953125,180.0,0.0,208.0,0.0,322.0,0.0,113.69452593153599,-35.68607633118163,181.54755235125788,7.686875907675596
688,19.150146484375,180.0,0.0,203.0,0.0,321.0,0.0,113.70775259188231,-35.66627758358558,181.55538417413055,7.633751426393064
689,19.179931640625,180.0,0.0,208.0,0.0,321.0,0.0,113.70163794576796,-35.67171348320044,181.5102283105226,7.618729151905578
690,19.2099609375,180.0,0.0,202.0,0.0,322.0,0.0,113.6845309966433,-35.870372704711016,181.5478945908494,7.669607471781671
691,19.239990234375,180.0,0.0,209.0,0.0,324.0,0.0,113.6845309966433,-35.870372704711016,181.5478945908494,7.669607471781671
692,19.27001953125,180.0,0.0,205.0,0.0,321.0,0.0,113.68518378341,-35.73334349530883,181.54040377082956,7.691260521076883
693,19.2900390625,180.0,0.0,208.0,0.0,321.0,0.0,113.72100288272348,-35.867474157036895,181.54040377082958,7.691260521076869
694,19.320068359375,180.0,0.0,205.0,0.0,321.0,0.0,113.72072353804361,-35.69338285449549,181.54072419849865,7.633845100508065
695,19.35009765625,180.0,0.0,206.0,0.0,322.0,0.0,113.67394588793627,-35.672442619419506,181.56317722995948,7.616111938503639
696,19.380126953125,180.0,0.0,205.0,0.0,323.0,0.0,113.67394588793627,-35.672442619419506,181.56317722995948,7.616111938503639
697,19.409912109375,180.0,0.0,204.0,0.0,319.0,0.0,113.6940790588938,-35.695184833067955,181.74517468126976,7.662101592133961
698,19.43994140625,180.0,0.0,208.0,0.0,323.0,0.0,113.55968725030525,-35.675680834437415,181.56943728768013,7.702954045056735
699,19.4599609375,180.0,0.0,204.0,0.0,323.0,0.0,113.72810396193718,-35.741652275245684,181.57724658952515,7.636640237588637
700,19.489990234375,180.0,0.0,208.0,0.0,324.0,0.0,113.72367959128616,-35.69465643982447,181.76470274770008,7.613141268599579
701,19.52001953125,180.0,0.0,203.0,0.0,322.0,0.0,113.7033241865633,-35.73577570334968,181.55944402923245,7.651809833921782
702,19.550048828125,180.0,0.0,208.0,0.0,324.0,0.0,114.07750887876807,-35.97523616155372,181.79787120854144,7.471549869059291
703,19.580078125,180.0,0.0,203.0,0.0,322.0,0.0,114.03958736087611,-35.99127050421284,181.7965643645319,7.452130233649348
704,19.60009765625,180.0,0.0,209.0,0.0,324.0,0.0,114.03958736087611,-35.99127050421283,181.7965643645319,7.452130233649362
705,19.630126953125,180.0,0.0,204.0,0.0,325.0,0.0,114.09284478842972,-36.149649375902484,181.7892389394074,7.442911498038907
706,19.659912109375,180.0,0.0,208.0,0.0,324.0,0.0,114.06902929459918,-36.13199043836169,181.7714274064041,7.39940755585314
707,19.68994140625,180.0,0.0,205.0,0.0,323.0,0.0,113.92340192150553,-35.97147830454052,181.80239792736376,7.449245551009857
708,19.719970703125,180.0,0.0,207.0,0.0,322.0,0.0,114.13291104036504,-35.9349440208409,181.8184489898556,7.4874221327418535
709,19.739990234375,180.0,0.0,205.0,0.0,326.0,0.0,114.13291104036506,-35.934944020840945,181.81844898985563,7.487422132741813
710,19.77001953125,180.0,0.0,205.0,0.0,323.0,0.0,114.10366218852958,-35.904628933937126,181.7864097264474,7.4051103611058355
711,19.800048828125,180.0,0.0,205.0,0.0,324.0,0.0,114.07354920040035,-35.954293646655536,181.82362440676994,7.3960445782243855
712,19.830078125,180.0,0.0,204.0,0.0,322.0,0.0,114.08740518645158,-35.964038816159075,181.77284303841668,7.43775702032633
713,19.860107421875,180.0,0.0,208.0,0.0,324.0,0.0,114.04558063626433,-35.96759017798888,181.78978441924323,7.457138755499322
714,19.880126953125,180.0,0.0,203.0,0.0,320.0,0.0,114.09284478842972,-36.14964937590254,181.77237828603484,7.401672644044732
715,19.909912109375,180.0,0.0,210.0,0.0,321.0,0.0,114.09284478842972,-36.149649375902555,181.77237828603484,7.4016726440447185
716,19.93994140625,180.0,0.0,203.0,0.0,324.0,0.0,114.0965731053621,-35.968150577588375,181.7585846243785,7.416651762215615
717,19.969970703125,180.0,0.0,209.0,0.0,323.0,0.0,114.11087565057322,-35.9255813226544,181.79874983407694,7.416082898213807
718,20.0,180.0,0.0,205.0,0.0,324.0,0.0,114.0929586293799,-35.94985911457553,181.83191062899954,7.4432513783053755
719,20.02001953125,180.0,0.0,207.0,0.0,324.0,0.0,114.09904621686525,-36.13264033265504,181.7867967628822,7.468474907906171
720,20.050048828125,180.0,0.0,204.0,0.0,321.0,0.0,114.08013716986439,-35.973818739132696,181.8226308167748,7.42873063643208
721,20.080078125,180.0,0.0,206.0,0.0,325.0,0.0,114.08013716986439,-35.973818739132696,181.8226308167748,7.428730636432094
722,20.110107421875,180.0,0.0,207.0,0.0,323.0,0.0,113.8364415393831,-36.07811561757318,181.74976734490895,7.425472650064144
723,20.14013671875,180.0,0.0,206.0,0.0,325.0,0.0,113.82871116936492,-36.27276936274038,181.72323034703513,7.454391820529324
724,20.159912109375,180.0,0.0,207.0,0.0,321.0,0.0,113.82871116936491,-36.27276936274036,181.7232303470351,7.454391820529323
725,20.18994140625,180.0,0.0,204.0,0.0,320.0,0.0,113.86847643933653,-36.06112021387637,181.67938184972067,7.4199108688214
726,20.219970703125,180.0,0.0,206.0,0.0,323.0,0.0,113.8763632423493,-36.02336281266869,181.72730019077073,7.4320435253880035
727,20.25,180.0,0.0,203.0,0.0,321.0,0.0,113.8180795403547,-36.09649426167937,181.68562019082248,7.408431149875353
728,20.280029296875,180.0,0.0,208.0,0.0,326.0,0.0,113.84064919671746,-36.029232449911845,181.7216381804766,7.421665468902159
729,20.31005859375,180.0,0.0,203.0,0.0,324.0,0.0,113.84064919671746,-36.02923244991186,181.7216381804766,7.4216654689021455
730,20.330078125,180.0,0.0,208.0,0.0,324.0,0.0,113.67844032011615,-36.0683518743453,181.7046883400808,7.402141809079315
731,20.360107421875,180.0,0.0,204.0,0.0,323.0,0.0,113.86041406286898,-36.05115054420821,181.70586190466938,7.398779057362683
732,20.39013671875,180.0,0.0,209.0,0.0,323.0,0.0,113.80349181855325,-36.04332547761673,181.90675528719675,7.378175551913128
733,20.419921875,180.0,0.0,204.0,0.0,322.0,0.0,113.83408412432814,-36.04380594699436,181.73703554473167,7.4613253417260905
734,20.449951171875,180.0,0.0,204.0,0.0,323.0,0.0,113.83408412432814,-36.04380594699436,181.73703554473167,7.4613253417260905
735,20.469970703125,180.0,0.0,204.0,0.0,325.0,0.0,113.82932590276194,-36.23512962249555,181.71728481470777,7.403790748392089
736,20.5,180.0,0.0,206.0,0.0,320.0,0.0,113.82932590276194,-36.235129622495535,181.71728481470774,7.403790748392103
737,20.530029296875,180.0,0.0,208.0,0.0,324.0,0.0,113.84196718250118,-36.05398323342739,181.68412967819648,7.4037205604425935
738,20.56005859375,180.0,0.0,204.0,0.0,321.0,0.0,113.83176324001384,-36.09619519388959,181.73320178105553,7.424406023317802
739,20.590087890625,180.0,0.0,208.0,0.0,322.0,0.0,113.83176324001384,-36.096195193889564,181.7332017810555,7.4244060233178155
740,20.610107421875,180.0,0.0,203.0,0.0,325.0,0.0,113.77611268001641,-36.11397279968988,181.75003225226044,7.386450760055614
741,20.64013671875,180.0,0.0,208.0,0.0,321.0,0.0,113.87978038786906,-36.08613349905177,181.67651347759207,7.4043867504319945
742,20.669921875,180.0,0.0,203.0,0.0,324.0,0.0,113.33427102481872,-36.099837216778354,181.42359447860264,7.340894119484194
743,20.699951171875,180.0,0.0,208.0,0.0,328.0,0.0,113.3026364456584,-36.14706170715401,181.40015944308894,7.332930648477447
744,20.72998046875,180.0,0.0,203.0,0.0,323.0,0.0,113.30263644565838,-36.14706170715395,181.4001594430889,7.332930648477474
745,20.75,180.0,0.0,207.0,0.0,320.0,0.0,113.34773629275014,-35.93748690434799,181.4324416387248,7.254772707533732
746,20.780029296875,180.0,0.0,206.0,0.0,324.0,0.0,113.32620606683804,-36.13789593704575,181.44921934038265,7.35471340842168
747,20.81005859375,180.0,0.0,205.0,0.0,326.0,0.0,113.35251696765297,-35.981506996644185,181.43747716326175,7.322785124667041
748,20.840087890625,180.0,0.0,209.0,0.0,323.0,0.0,113.35388997324438,-35.93207791926881,181.42651343262978,7.2938878178459365
749,20.8701171875,180.0,0.0,203.0,0.0,321.0,0.0,113.31343737763744,-35.97061907007392,181.44574205334672,7.309329553839022
750,20.89013671875,180.0,0.0,206.0,0.0,324.0,0.0,113.33100321036318,-35.933115071001026,181.398715249288,7.31170414512888
751,20.919921875,180.0,0.0,204.0,0.0,327.0,0.0,113.33100321036318,-35.93311507100097,181.39871524928793,7.311704145128907
752,20.949951171875,180.0,0.0,208.0,0.0,324.0,0.0,113.35720506896186,-36.11285807060035,181.4085755738459,7.299742862678359
753,20.97998046875,180.0,0.0,203.0,0.0,320.0,0.0,113.13677186632913,-35.98879046669992,181.39374970381505,7.324504614877773
754,21.010009765625,180.0,0.0,208.0,0.0,325.0,0.0,113.35449831659595,-35.952509515617514,181.44601098349597,7.3324225937533924
755,21.0400390625,180.0,0.0,204.0,0.0,325.0,0.0,113.30904114274898,-36.00487456530967,181.67488727559197,7.326924964823972
756,21.06005859375,180.0,0.0,208.0,0.0,322.0,0.0,113.32552482469254,-35.97845181790162,181.44411075405185,7.301432241671177
757,21.090087890625,180.0,0.0,204.0,0.0,323.0,0.0,113.32552482469254,-35.97845181790162,181.44411075405185,7.301432241671177
758,21.1201171875,180.0,0.0,205.0,0.0,324.0,0.0,113.3240187794822,-36.13513707817897,181.39253906186354,7.301281000557815
759,21.150146484375,180.0,0.0,204.0,0.0,325.0,0.0,113.31340311534204,-35.93647952225486,181.59710985742788,7.2401384929929495
760,21.179931640625,180.0,0.0,203.0,0.0,321.0,0.0,113.34606245637048,-35.93947453313907,181.44933153122957,7.263284110230427
761,21.199951171875,180.0,0.0,208.0,0.0,323.0,0.0,113.3421230635692,-36.11938720918285,181.41973786983522,7.269372659023627
762,21.22998046875,180.0,0.0,203.0,0.0,327.0,0.0,114.02811323178557,-36.183211551336996,181.8041134378356,7.252308457217229
763,21.260009765625,180.0,0.0,209.0,0.0,324.0,0.0,113.97870630551063,-36.220434994611686,181.80681142819378,7.305874945372491
764,21.2900390625,180.0,0.0,203.0,0.0,321.0,0.0,113.97870630551063,-36.220434994611686,181.80681142819378,7.305874945372505
765,21.320068359375,180.0,0.0,208.0,0.0,323.0,0.0,114.01560818811339,-36.364578196715236,181.7776287330549,7.2990986031069545
766,21.340087890625,180.0,0.0,204.0,0.0,323.0,0.0,114.0438922481404,-36.17943686393499,181.77932745640112,7.258729380788084
767,21.3701171875,180.0,0.0,205.0,0.0,327.0,0.0,114.01758910623492,-36.16560052379917,181.8447567853183,7.335302947465879
768,21.400146484375,180.0,0.0,204.0,0.0,324.0,0.0,113.99885260667469,-36.3675136709953,181.84369511758504,7.327660376467939
769,21.429931640625,180.0,0.0,206.0,0.0,324.0,0.0,113.98678407091879,-36.19813936510002,181.80732170511823,7.306947323959277
770,21.4599609375,180.0,0.0,207.0,0.0,325.0,0.0,113.98678407091879,-36.19813936510002,181.80732170511823,7.306947323959277
771,21.47998046875,180.0,0.0,207.0,0.0,325.0,0.0,113.83324228246319,-36.21954788691461,181.8076368139849,7.283268926283338
772,21.510009765625,180.0,0.0,207.0,0.0,324.0,0.0,114.01653932596581,-36.20535790501282,181.7676957925729,7.285724422851084
773,21.5400390625,180.0,0.0,203.0,0.0,322.0,0.0,113.84863521503237,-36.19683460703664,181.78210737758627,7.276655468605483
774,21.570068359375,180.0,0.0,208.0,0.0,326.0,0.0,113.99452465924324,-36.18586556927377,181.8516134546891,7.347548909153853
775,21.60009765625,180.0,0.0,202.0,0.0,320.0,0.0,114.02259638953038,-36.2197106950049,181.76601574790476,7.258180919669375
776,21.6201171875,180.0,0.0,208.0,0.0,324.0,0.0,114.02259638953038,-36.219710695004885,181.76601574790476,7.258180919669388
777,21.650146484375,180.0,0.0,204.0,0.0,323.0,0.0,114.05225615342901,-36.18052882802865,181.8095217206694,7.359156527757484
778,21.679931640625,180.0,0.0,209.0,0.0,325.0,0.0,114.0194296795821,-36.1997496437787,181.81277716015296,7.322892865503384
779,21.7099609375,180.0,0.0,205.0,0.0,321.0,0.0,114.06151248598073,-36.12335145187361,181.7813587638625,7.250344926496704
780,21.739990234375,180.0,0.0,207.0,0.0,324.0,0.0,113.99933687732599,-36.14277614877881,181.87468142823718,7.336309307124461
781,21.77001953125,180.0,0.0,205.0,0.0,324.0,0.0,114.01897346468877,-36.36604579448041,181.82684330735935,7.313401281774702
782,21.7900390625,180.0,0.0,204.0,0.0,325.0,0.0,113.85805648851414,-36.127528563836634,181.38156147922575,7.113213456351236
783,21.820068359375,180.0,0.0,204.0,0.0,322.0,0.0,113.82569823719977,-35.918554123613134,181.3660575247152,7.1390488066704805
784,21.85009765625,180.0,0.0,204.0,0.0,322.0,0.0,113.82569823719977,-35.91855412361312,181.36605752471516,7.1390488066704805
785,21.880126953125,180.0,0.0,209.0,0.0,323.0,0.0,113.80486405621434,-35.96595504405427,181.53775496271845,7.104409647817825
786,21.909912109375,180.0,0.0,204.0,0.0,325.0,0.0,113.8313582560935,-35.97360958560854,181.3395721396669,7.160115031426752
787,21.929931640625,180.0,0.0,208.0,0.0,324.0,0.0,113.85387085941846,-35.967493459608164,181.36588211994376,7.150056655347118
788,21.9599609375,180.0,0.0,203.0,0.0,325.0,0.0,113.85387085941846,-35.967493459608164,181.36588211994376,7.150056655347118
789,21.989990234375,180.0,0.0,209.0,0.0,324.0,0.0,113.80867368179054,-35.982958586560436,181.38896495724654,7.12770247992956
790,22.02001953125,180.0,0.0,204.0,0.0,323.0,0.0,113.80867368179054,-35.98295858656039,181.546323275789,7.090065401892712
791,22.050048828125,180.0,0.0,207.0,0.0,324.0,0.0,113.67116311854882,-35.94580160410473,181.5377549627184,7.104409647817864
792,22.070068359375,180.0,0.0,204.0,0.0,326.0,0.0,113.79953843664018,-35.97930460892317,181.3889451375437,7.157231200794348
793,22.10009765625,180.0,0.0,205.0,0.0,323.0,0.0,113.81102608863476,-35.95946445311692,181.35224219557816,7.1191584898100775
794,22.130126953125,0.0,0.0,208.0,0.0,325.0,0.0,113.81102608863476,-35.95946445311692,181.35224219557816,7.1191584898100775
795,22.159912109375,0.0,0.0,208.0,0.0,323.0,0.0,113.84758638000017,-35.94467076111282,181.35761128089098,7.398364329039241
796,22.179931640625,0.0,0.0,203.0,0.0,325.0,0.0,113.80210079525872,-35.96356304651047,181.1072059149025,8.91944655024955
797,22.2099609375,0.0,0.0,202.0,0.0,323.0,0.0,113.80210079525872,-35.96356304651045,181.10720591490252,8.91944655024955
798,22.239990234375,0.0,0.0,200.0,0.0,327.0,0.0,113.64340816365491,-35.97774135515264,180.38973817972604,11.246379549374252
799,22.260009765625,0.0,0.0,199.0,0.0,333.0,0.0,113.81809841061691,-35.94517588382995,179.70611610487134,13.215538484436012
800,22.2900390625,0.0,0.0,197.0,0.0,336.0,0.0,113.84943110351163,-36.11883832402942,179.54888801191765,14.06611578023778
801,22.31005859375,0.0,0.0,198.0,0.0,337.0,0.0,113.6646112986636,-35.969729268458735,179.470466219388,14.643913832082491
802,22.340087890625,0.0,0.0,196.0,0.0,338.0,0.0,113.25071836906538,-36.050271802425,178.72408100384666,16.065323181816602
803,22.360107421875,0.0,0.0,194.0,0.0,339.0,0.0,113.25071836906538,-36.050271802425,178.72408100384666,16.065323181816602
804,22.39013671875,0.0,0.0,193.0,0.0,339.0,0.0,113.37437003698963,-36.08248688047947,177.93995336820166,17.691601824848092
805,22.419921875,0.0,0.0,193.0,0.0,344.0,0.0,113.4492920942632,-36.053744958365506,177.38208429697562,19.003538169383923
806,22.43994140625,0.0,0.0,191.0,0.0,348.0,0.0,113.44743727256702,-36.01494362384263,177.08267219613302,19.85653130228397
807,22.469970703125,0.0,0.0,191.0,0.0,349.0,0.0,113.43899222160505,-36.22423589319415,176.77299194941753,20.52161853824812
808,22.489990234375,0.0,0.0,191.0,0.0,349.0,0.0,113.43899222160505,-36.22423589319415,176.77299194941753,20.52161853824812
809,22.52001953125,0.0,0.0,188.0,0.0,351.0,0.0,113.24373976985552,-36.06484713365878,176.12436424017568,22.042410953038978
810,22.550048828125,0.0,0.0,187.0,0.0,354.0,0.0,113.21496960849754,-36.07837537964085,175.18054835160387,23.65990720382168
811,22.570068359375,0.0,0.0,186.0,0.0,356.0,0.0,113.42012980496813,-36.06398942928723,174.56688065094144,24.661044861724672
812,22.60009765625,0.0,0.0,185.0,0.0,361.0,0.0,113.42176014439694,-36.090611339457865,173.4421340748188,26.108226859891822
813,22.6201171875,0.0,0.0,183.0,0.0,361.0,0.0,113.39968624705016,-36.26350347432839,172.55062395845565,27.517964012148003
814,22.650146484375,0.0,0.0,182.0,0.0,362.0,0.0,113.41294076961742,-36.05492102093872,171.65334489874476,28.81256834475489
815,22.679931640625,0.0,0.0,181.0,0.0,364.0,0.0,113.41294076961742,-36.05492102093872,171.65334489874476,28.81256834475489
816,22.699951171875,0.0,0.0,180.0,0.0,365.0,0.0,113.410026039227,-36.05361863151194,170.99401403327062,29.766705623659043
817,22.72998046875,0.0,0.0,180.0,0.0,371.0,0.0,113.41002603922699,-36.053618631511924,170.99401403327062,29.76670562365905
818,22.75,0.0,0.0,179.0,0.0,370.0,0.0,113.4161100934187,-36.037133071089634,170.38541340395972,30.433407201434957
819,22.780029296875,0.0,0.0,177.0,0.0,375.0,0.0,113.38044574547501,-36.077122526284086,169.58728788425114,31.449661232829303
820,22.81005859375,0.0,0.0,176.0,0.0,376.0,0.0,113.38044574547501,-36.077122526284086,169.5872878842511,31.44966123282931
821,22.830078125,0.0,0.0,175.0,0.0,378.0,0.0,113.42007600549486,-36.04058174557388,168.42799974069237,32.775154550149665
822,22.860107421875,0.0,0.0,174.0,0.0,382.0,0.0,113.70510214967312,-36.186815512503,167.78646578746648,33.88052655804376
823,22.880126953125,0.0,0.0,173.0,0.0,385.0,0.0,113.67606879445772,-36.037690846340595,166.92955234859966,34.70308676019601
824,22.909912109375,0.0,0.0,172.0,0.0,388.0,0.0,113.70304004625947,-36.02102798057954,166.474676545141,35.57875201002668
825,22.93994140625,0.0,0.0,173.0,0.0,390.0,0.0,113.70304004625949,-36.021027980579554,166.474676545141,35.578752010026676
826,22.9599609375,0.0,0.0,170.0,0.0,393.0,0.0,113.6837925815887,-36.03250861190195,165.4499891582152,36.383593693867624
827,22.989990234375,0.0,0.0,169.0,0.0,393.0,0.0,113.69423307422647,-36.01024760848109,164.03006144951794,37.357447067631014
828,23.010009765625,0.0,0.0,168.0,0.0,398.0,0.0,113.69423307422647,-36.0102476084811,164.03006144951797,37.357447067631
829,23.0400390625,0.0,0.0,166.0,0.0,402.0,0.0,113.73404947397611,-36.021931450225246,163.22631208446236,38.36967229436298
830,23.070068359375,0.0,0.0,166.0,0.0,403.0,0.0,113.69044886897186,-36.04093117541173,162.46702691203177,38.9761617504366
831,23.090087890625,0.0,0.0,165.0,0.0,408.0,0.0,113.69044886897186,-36.04093117541173,162.46702691203177,38.9761617504366
832,23.1201171875,0.0,0.0,163.0,0.0,407.0,0.0,113.72177140352068,-35.995584360784974,161.66692453690854,39.6863888129446
833,23.14013671875,0.0,0.0,163.0,0.0,410.0,0.0,113.72173258759861,-35.9844593207332,160.67925146092213,40.39802108168156
834,23.169921875,0.0,0.0,161.0,0.0,415.0,0.0,113.72173258759861,-35.984459320733215,160.67925146092213,40.39802108168157
835,23.199951171875,0.0,0.0,161.0,0.0,421.0,0.0,113.72501717870168,-36.0579900660699,159.32583039929506,41.30777719212904
836,23.219970703125,0.0,0.0,160.0,0.0,421.0,0.0,113.50242750885178,-36.0489664399909,158.23261510708397,41.97889231668709
837,23.25,0.0,0.0,158.0,0.0,425.0,0.0,113.68434315352644,-36.0574919561531,157.49542099703135,42.587877669778265
838,23.27001953125,0.0,0.0,157.0,0.0,429.0,0.0,113.68434315352644,-36.0574919561531,157.49542099703135,42.587877669778265
839,23.300048828125,0.0,0.0,156.0,0.0,431.0,0.0,113.72632690978179,-36.013029998960256,156.70948944922694,42.992181495823935
840,23.330078125,0.0,0.0,154.0,0.0,431.0,0.0,113.53137894585561,-35.99131321611573,155.3525823431877,43.72487275450581
841,23.35009765625,0.0,0.0,154.0,0.0,438.0,0.0,113.69042747661489,-36.05211491860281,154.1726699351699,44.398365681592274
842,23.380126953125,0.0,0.0,152.0,0.0,441.0,0.0,113.90282946646754,-35.78296022485231,153.23864930613087,44.71944075440469
843,23.400146484375,0.0,0.0,152.0,0.0,444.0,0.0,113.75306133535946,-35.791570446009025,152.48935583357243,45.068585092570785
844,23.429931640625,0.0,0.0,151.0,0.0,449.0,0.0,113.75306133535946,-35.79157044600898,152.4893558335724,45.0685850925708
845,23.4599609375,0.0,0.0,150.0,0.0,453.0,0.0,113.72852319639269,-35.81560227223339,151.45771540934294,45.63274266737689
846,23.47998046875,0.0,0.0,149.0,0.0,453.0,0.0,113.91760286977964,-35.78824111520903,150.3749754348541,46.042779364718456
847,23.510009765625,0.0,0.0,148.0,0.0,455.0,0.0,113.91760286977964,-35.78824111520902,150.3749754348541,46.042779364718456
848,23.530029296875,0.0,0.0,147.0,0.0,461.0,0.0,113.91471839428078,-35.806026799028174,149.28721321722338,46.61300221263735
849,23.56005859375,0.0,0.0,146.0,0.0,466.0,0.0,113.92279098806651,-35.78222727577685,148.30594955707642,46.91716161246704
850,23.590087890625,0.0,0.0,144.0,0.0,468.0,0.0,113.93301477464779,-35.81098881008583,147.54820141312464,47.22983947959762
851,23.610107421875,0.0,0.0,145.0,0.0,470.0,0.0,113.93301477464779,-35.810988810085846,147.54820141312464,47.229839479597615
852,23.64013671875,0.0,0.0,143.0,0.0,473.0,0.0,113.89006851020028,-35.78897543935566,146.8094111656062,47.57534509716522
853,23.659912109375,0.0,0.0,143.0,0.0,475.0,0.0,113.90232642846263,-35.81001291990714,145.53039463904489,47.86966626435876
854,23.68994140625,0.0,0.0,141.0,0.0,478.0,0.0,113.92894538405693,-35.79023203373799,144.37612346589503,48.23044213562935
855,23.719970703125,0.0,0.0,141.0,0.0,483.0,0.0,113.92894538405693,-35.79023203373799,144.37612346589503,48.23044213562935
856,23.739990234375,0.0,0.0,139.0,0.0,487.0,0.0,113.88308267635435,-36.00522493195025,143.71408054481714,48.53672932975766
857,23.77001953125,0.0,0.0,138.0,0.0,491.0,0.0,113.90992275293,-35.76864998194414,142.7582651271214,48.802984600553124
858,23.7900390625,0.0,0.0,137.0,0.0,493.0,0.0,113.9082117906915,-35.80138780859005,141.9436683502933,49.08817459576657
859,23.820068359375,0.0,0.0,136.0,0.0,496.0,0.0,113.90811499381594,-35.83250001062115,140.98311817138702,49.167643153286015
860,23.85009765625,0.0,0.0,135.0,0.0,497.0,0.0,113.90811499381594,-35.83250001062115,140.983118171387,49.16764315328602
861,23.8701171875,0.0,0.0,135.0,0.0,503.0,0.0,113.90931437083078,-35.998492473302086,139.9376724104036,49.43583734669219
862,23.900146484375,0.0,0.0,134.0,0.0,504.0,0.0,112.7951109708853,-35.72365566597141,138.29232101365744,50.15085434968563
863,23.929931640625,0.0,0.0,133.0,0.0,509.0,0.0,112.85572199039207,-35.72469425404033,137.44488605586406,50.262194119126015
864,23.949951171875,0.0,0.0,132.0,0.0,514.0,0.0,112.85572199039207,-35.7246942540403,137.44488605586406,50.262194119126015
865,23.97998046875,0.0,0.0,130.0,0.0,514.0,0.0,112.8805977010997,-35.697945075511626,136.7381106213085,50.29173257045831
866,24.0,0.0,0.0,130.0,0.0,518.0,0.0,112.82120258481548,-35.71981073062652,135.6790004219924,50.469746944250744
867,24.030029296875,0.0,0.0,129.0,0.0,519.0,0.0,112.8469133604865,-35.67531360834561,134.68894116146765,50.7047630897495
868,24.050048828125,0.0,0.0,129.0,0.0,522.0,0.0,112.79126948659976,-35.738447271723686,134.06420700572906,50.70340900563342
869,24.080078125,0.0,0.0,127.0,0.0,529.0,0.0,112.79126948659976,-35.73844727172367,134.06420700572906,50.703409005633425
870,24.110107421875,0.0,0.0,127.0,0.0,530.0,0.0,112.8450954101754,-35.698122500881084,133.1072513533137,50.80832100941591
871,24.130126953125,0.0,0.0,126.0,0.0,534.0,0.0,112.80943025816482,-35.703966696053,132.42488078134787,50.77305167892955
872,24.159912109375,0.0,0.0,125.0,0.0,536.0,0.0,112.81537449983765,-35.75129636222,131.6136180774347,50.9486224894027
873,24.18994140625,0.0,0.0,124.0,0.0,539.0,0.0,112.66928630686412,-35.70869242832704,130.76268366970342,50.961015047730875
874,24.2099609375,0.0,0.0,123.0,0.0,539.0,0.0,112.66928630686412,-35.70869242832704,130.76268366970342,50.96101504773088
875,24.239990234375,0.0,0.0,123.0,0.0,545.0,0.0,112.8368434292411,-35.712395655823286,130.0612294045393,51.20926991523413
876,24.260009765625,0.0,0.0,121.0,0.0,546.0,0.0,112.81481223701162,-35.72246602751969,129.2256227176137,51.1648670432431
877,24.2900390625,0.0,0.0,120.0,0.0,550.0,0.0,112.80609509394958,-35.71178023370344,128.65212303260918,51.19377027098273
878,24.31005859375,0.0,0.0,120.0,0.0,555.0,0.0,112.64128597800631,-35.72195802470462,127.76265992023922,51.17213851603164
879,24.340087890625,0.0,0.0,120.0,0.0,554.0,0.0,112.64128597800631,-35.72195802470462,127.76265992023922,51.17213851603164
880,24.3701171875,0.0,0.0,119.0,0.0,557.0,0.0,112.82090252818938,-35.717096640684034,127.25098300886401,51.13145627120546
881,24.39013671875,0.0,0.0,118.0,0.0,560.0,0.0,112.8414339726211,-35.7324809881857,126.45608811973229,51.15832431330078
882,24.419921875,0.0,0.0,118.0,0.0,563.0,0.0,113.85385844719093,-35.62797211600956,126.10576492906812,50.795476942613625
883,24.449951171875,0.0,0.0,117.0,0.0,564.0,0.0,113.85385844719093,-35.627972116009545,126.10576492906812,50.795476942613625
884,24.469970703125,0.0,0.0,117.0,0.0,566.0,0.0,113.87903152586323,-35.6775576579955,125.4497070847369,50.717528043760936
885,24.5,0.0,0.0,116.0,0.0,569.0,0.0,113.89840276868613,-35.83984478447606,124.93058077836733,50.71435059770732
886,24.52001953125,0.0,0.0,115.0,0.0,569.0,0.0,113.87275299206843,-35.82466376311349,124.15125648780403,50.67106967290444
887,24.550048828125,0.0,0.0,114.0,0.0,572.0,0.0,113.87275299206843,-35.82466376311349,124.15125648780403,50.67106967290444
888,24.570068359375,0.0,0.0,114.0,0.0,577.0,0.0,113.90628677856033,-35.630289525336394,123.90179552111613,50.601926944752364
889,24.60009765625,0.0,0.0,113.0,0.0,577.0,0.0,113.8855292312364,-35.641428290290875,123.28744161815223,50.60298861066735
890,24.630126953125,0.0,0.0,113.0,0.0,579.0,0.0,113.85531451629339,-35.654690219687055,122.68935431481307,50.542764387529324
891,24.650146484375,0.0,0.0,112.0,0.0,580.0,0.0,113.85531451629339,-35.6546902196871,122.68935431481309,50.54276438752932
892,24.679931640625,0.0,0.0,112.0,0.0,582.0,0.0,113.85933415501441,-35.84425176322827,122.40901576920317,50.54766002279672
893,24.7099609375,0.0,0.0,111.0,0.0,583.0,0.0,113.9040382555444,-35.67702885176023,121.12138864455264,50.29225609072459
894,24.72998046875,0.0,0.0,111.0,0.0,586.0,0.0,113.8996351579915,-35.84425097637659,120.56368282549124,50.19810828085749
895,24.760009765625,0.0,0.0,110.0,0.0,590.0,0.0,113.8996351579915,-35.84425097637659,120.56368282549124,50.19810828085749
896,24.780029296875,0.0,0.0,110.0,0.0,590.0,0.0,113.70915717569419,-35.639415571625726,120.00966736836092,50.17222493463071
897,24.81005859375,0.0,0.0,109.0,0.0,590.0,0.0,113.70547596790594,-35.86562775724862,119.79502828137672,50.022177823625476
898,24.830078125,0.0,0.0,108.0,0.0,593.0,0.0,113.70547596790594,-35.86562775724862,119.79502828137672,50.022177823625476
899,24.860107421875,0.0,0.0,109.0,0.0,593.0,0.0,113.90109843009226,-35.6640015885898,119.44817053740402,49.915482315549205
900,24.89013671875,0.0,0.0,108.0,0.0,594.0,0.0,113.87840714968891,-35.84125193174793,118.9869163589996,49.90199478726896
901,24.909912109375,0.0,0.0,108.0,0.0,595.0,0.0,113.87840714968891,-35.84125193174793,118.9869163589996,49.90199478726896
902,24.93994140625,0.0,0.0,107.0,0.0,597.0,0.0,113.82729657582772,-36.03828349674256,118.37081217963082,49.76593816475528
903,24.969970703125,0.0,0.0,106.0,0.0,599.0,0.0,113.82729657582772,-36.03828349674256,118.37081217963082,49.76593816475528
904,24.989990234375,0.0,0.0,106.0,0.0,600.0,0.0,113.82729657582772,-36.03828349674256,118.37081217963082,49.76593816475528
905,25.02001953125,0.0,0.0,108.0,0.0,600.0,0.0,113.84374316033188,-35.99957585107529,118.0737479113987,49.78237319840407
906,25.0400390625,0.0,0.0,105.0,0.0,601.0,0.0,113.84374316033188,-35.99957585107528,118.07374791139868,49.78237319840408
907,25.070068359375,0.0,0.0,105.0,0.0,603.0,0.0,113.85512550720071,-36.00157578447646,117.84055556427421,49.7469241135485
908,25.090087890625,0.0,0.0,105.0,0.0,607.0,0.0,113.8551255072007,-36.001575784476444,117.84055556427421,49.7469241135485
909,25.1201171875,0.0,0.0,105.0,0.0,604.0,0.0,113.79867581554556,-36.041759490925884,117.35444612201331,49.63995898261879
910,25.150146484375,0.0,0.0,105.0,0.0,607.0,0.0,113.79867581554556,-36.041759490925884,117.35444612201331,49.63995898261879
911,25.169921875,0.0,0.0,104.0,0.0,608.0,0.0,113.64319596933143,-36.226389398252586,117.15591631274347,49.63167237097464
912,25.199951171875,0.0,0.0,104.0,0.0,609.0,0.0,113.82004261618442,-36.007709441126096,117.04809299422051,49.62093030606704
913,25.219970703125,0.0,0.0,104.0,0.0,609.0,0.0,113.82004261618442,-36.007709441126096,117.04809299422051,49.62093030606704
914,25.25,0.0,0.0,103.0,0.0,610.0,0.0,113.83604138156264,-35.979873690490955,116.95097032294629,49.568213198333545
915,25.280029296875,0.0,0.0,103.0,0.0,610.0,0.0,113.81959006521348,-36.041608955504685,116.45195697382388,49.52267731616274
916,25.300048828125,0.0,0.0,103.0,0.0,609.0,0.0,113.85145873630039,-36.02248848974894,116.22024692825764,49.358459710200314
917,25.330078125,0.0,0.0,103.0,0.0,609.0,0.0,113.85145873630039,-36.022488489748895,116.22024692825764,49.35845971020032
918,25.35009765625,0.0,0.0,103.0,0.0,611.0,0.0,113.84030634706448,-36.03929442724927,115.9422638859078,49.343345803023716
919,25.380126953125,0.0,0.0,103.0,0.0,615.0,0.0,113.886816527405,-36.00774871489748,115.83313199239997,49.307844907697195
920,25.409912109375,0.0,0.0,103.0,0.0,612.0,0.0,113.82002905734663,-36.03246246955504,115.76060134938153,49.15859556217957
921,25.429931640625,0.0,0.0,102.0,0.0,611.0,0.0,113.86914493322234,-36.03505269890186,115.7181668489892,49.13923353200594
922,25.4599609375,0.0,0.0,102.0,0.0,616.0,0.0,113.02177355079863,-35.5419212780155,115.05647899638963,48.97691765974093
923,25.47998046875,0.0,0.0,103.0,0.0,615.0,0.0,113.02177355079863,-35.5419212780155,115.05647899638963,48.97691765974093
924,25.510009765625,0.0,0.0,101.0,0.0,616.0,0.0,113.23249381131632,-35.53281139857232,114.8179519749817,48.9300733271813
925,25.5400390625,0.0,0.0,102.0,0.0,616.0,0.0,113.21157722246784,-35.51921357719924,114.47502204277968,48.889377284595625
926,25.56005859375,0.0,0.0,101.0,0.0,615.0,0.0,113.21157722246784,-35.51921357719925,114.47502204277967,48.88937728459562
927,25.590087890625,0.0,0.0,101.0,0.0,616.0,0.0,113.18556396898244,-35.56048728381038,114.36774978817357,48.875994850578536
928,25.610107421875,0.0,0.0,101.0,0.0,617.0,0.0,113.20027410107942,-35.565727816252334,114.0895428775015,48.86454949181558
929,25.64013671875,0.0,0.0,101.0,0.0,617.0,0.0,113.18114807067006,-35.56603404792777,114.06957318650097,48.81878010169313
930,25.669921875,0.0,0.0,101.0,0.0,615.0,0.0,113.22679293045316,-35.55613152215741,114.00623247251711,48.80928823150734
931,25.68994140625,0.0,0.0,102.0,0.0,617.0,0.0,113.22679293045314,-35.55613152215739,114.00623247251711,48.809288231507345
932,25.719970703125,0.0,0.0,101.0,0.0,618.0,0.0,113.22206031950267,-35.58173761690144,113.95265379658213,48.79229092855442
933,25.739990234375,0.0,0.0,101.0,0.0,618.0,0.0,113.2355241297963,-35.53624755971188,113.9461314156261,48.80510326145169
934,25.77001953125,0.0,0.0,101.0,0.0,620.0,0.0,113.17561923695473,-35.533865823845176,113.9461314156261,48.8051032614517
935,25.800048828125,0.0,0.0,101.0,0.0,618.0,0.0,113.17561923695473,-35.533865823845176,113.9461314156261,48.805103261451706
936,25.820068359375,0.0,0.0,102.0,0.0,619.0,0.0,113.2572631372337,-35.722945267053724,113.91977082793827,48.8022895168756
937,25.85009765625,0.0,0.0,100.0,0.0,620.0,0.0,113.21136899628365,-35.54184342642588,113.90954598167777,48.75735891136847
938,25.8701171875,0.0,0.0,101.0,0.0,619.0,0.0,113.21136899628365,-35.54184342642588,113.90954598167777,48.75735891136847
939,25.900146484375,0.0,0.0,101.0,0.0,618.0,0.0,113.26111166505669,-35.52867770409379,113.84122017664959,48.75447259335401
940,25.929931640625,0.0,0.0,101.0,0.0,620.0,0.0,113.26111166505667,-35.52867770409375,113.84122017664959,48.754472593354016
941,25.949951171875,0.0,0.0,101.0,0.0,623.0,0.0,113.21845928969717,-35.53867516657184,113.85152305936137,48.738019313936846
942,25.97998046875,0.0,0.0,100.0,0.0,619.0,0.0,113.42259153975856,-35.440116194753266,113.99343502333326,49.28144642406373
943,26.0,0.0,0.0,101.0,0.0,618.0,0.0,113.42259153975856,-35.440116194753266,113.99343502333326,49.28144642406373
944,26.030029296875,0.0,0.0,101.0,0.0,620.0,0.0,113.40768312712633,-35.4588228122721,113.9698026657442,49.31158477056383
945,26.06005859375,0.0,0.0,102.0,0.0,619.0,0.0,113.40402009760386,-35.466842495561266,113.96572732495365,49.28842884065712
946,26.080078125,0.0,0.0,100.0,0.0,619.0,0.0,113.39313222024938,-35.43054945514287,113.97227801512238,49.28336027046633
947,26.110107421875,0.0,0.0,100.0,0.0,620.0,0.0,113.39313222024938,-35.430549455142845,113.97227801512237,49.283360270466346
948,26.130126953125,0.0,0.0,100.0,0.0,617.0,0.0,113.38492934332318,-35.64161454783086,113.93559504537805,49.326383010563404
949,26.159912109375,0.0,0.0,101.0,0.0,621.0,0.0,113.39699391086381,-35.46591421605829,113.97630287127727,49.27573725879824
950,26.18994140625,0.0,0.0,101.0,0.0,620.0,0.0,113.39699391086381,-35.46591421605829,113.97630287127727,49.27573725879824
951,26.2099609375,0.0,0.0,100.0,0.0,618.0,0.0,113.40627607518155,-35.64139288997326,113.94193247797618,49.330755023045775
952,26.239990234375,0.0,0.0,101.0,0.0,619.0,0.0,113.38753543518291,-35.446056552612426,113.95905927525283,49.29232391133005
953,26.260009765625,0.0,0.0,101.0,0.0,618.0,0.0,113.38753543518291,-35.44605655261241,113.95905927525283,49.29232391133006
954,26.2900390625,0.0,0.0,100.0,0.0,622.0,0.0,113.41519025598083,-35.45389892731436,113.95726298644497,49.3011334608611
955,26.320068359375,0.0,0.0,101.0,0.0,620.0,0.0,113.39525498760031,-35.465728640076975,113.96572732495363,49.28842884065716
956,26.340087890625,0.0,0.0,100.0,0.0,620.0,0.0,113.39525498760031,-35.46572864007695,113.96572732495362,49.28842884065716
957,26.3701171875,0.0,0.0,100.0,0.0,621.0,0.0,113.41611443500526,-35.45454220193255,113.94066227746075,49.308994362341814
958,26.39013671875,0.0,0.0,101.0,0.0,620.0,0.0,113.40889988156177,-35.43693649036362,113.92605556724791,49.33093711196731
959,26.419921875,0.0,0.0,100.0,0.0,621.0,0.0,113.40953022669642,-35.487524291786045,113.94392062616089,49.312514665900615
960,26.449951171875,0.0,0.0,101.0,0.0,619.0,0.0,113.39707676489674,-35.48207330050562,113.93559504537802,49.32638301056345
961,26.469970703125,0.0,0.0,100.0,0.0,619.0,0.0,113.4189231036182,-35.633749758864866,113.88335739758281,49.25629525218175
962,26.5,0.0,0.0,101.0,0.0,619.0,0.0,113.52869899871561,-35.832532732784614,114.11429316443096,49.14252767298674
963,26.52001953125,0.0,0.0,100.0,0.0,620.0,0.0,113.69972831156173,-35.803947014776895,114.2104766623323,49.121896625858874
964,26.550048828125,0.0,0.0,101.0,0.0,619.0,0.0,113.69972831156173,-35.803947014776895,114.2104766623323,49.121896625858874
965,26.580078125,0.0,0.0,101.0,0.0,620.0,0.0,113.70030199904339,-35.837169941557285,114.15287014074195,49.14051549586317
966,26.60009765625,0.0,0.0,101.0,0.0,620.0,0.0,113.50618062858116,-35.829693355440305,114.14475572197601,49.091249015529236
967,26.630126953125,0.0,0.0,101.0,0.0,619.0,0.0,113.50618062858115,-35.82969335544028,114.144755721976,49.09124901552924
968,26.659912109375,0.0,0.0,100.0,0.0,621.0,0.0,113.73393740100873,-35.8094363903634,114.13159134943075,49.14813021454446
969,26.679931640625,0.0,0.0,101.0,0.0,620.0,0.0,113.7351079254085,-35.83662506767526,114.15508629637253,49.168777572392194
970,26.7099609375,0.0,0.0,101.0,0.0,617.0,0.0,113.7351079254085,-35.83662506767523,114.15508629637253,49.16877757239221
971,26.72998046875,0.0,0.0,101.0,0.0,621.0,0.0,113.67497473532327,-35.84579658704389,114.11429316443093,49.142527672986766
972,26.760009765625,0.0,0.0,101.0,0.0,618.0,0.0,113.6982911162292,-35.81084449022826,114.08538230909294,49.16797251682853
973,26.780029296875,0.0,0.0,100.0,0.0,620.0,0.0,113.67114421577337,-35.82864667232591,114.04290001130214,49.11777839292538
974,26.81005859375,0.0,0.0,100.0,0.0,621.0,0.0,113.67114421577337,-35.828646672325924,114.04290001130214,49.11777839292537
975,26.840087890625,0.0,0.0,101.0,0.0,618.0,0.0,113.72412427092581,-35.8484199723194,114.11244461590002,49.10572588592356
976,26.860107421875,0.0,0.0,100.0,0.0,620.0,0.0,113.70330646013527,-35.99188485052849,114.11429316443093,49.142527672986766
977,26.89013671875,0.0,0.0,101.0,0.0,619.0,0.0,113.66273866516201,-35.84645074533768,114.07170162999338,49.134249494709344
978,26.919921875,0.0,0.0,100.0,0.0,620.0,0.0,113.53583533904028,-35.81728656199084,114.0506343147795,49.11022025453353
979,26.93994140625,0.0,0.0,101.0,0.0,622.0,0.0,113.67497473532327,-35.84579658704389,114.08646148508095,49.160891296528916
980,26.969970703125,0.0,0.0,101.0,0.0,619.0,0.0,113.67497473532327,-35.84579658704388,114.08646148508095,49.16089129652892
981,26.989990234375,0.0,0.0,101.0,0.0,618.0,0.0,113.6536043496576,-35.85509128766485,114.09640606064949,49.116084593602324
982,27.02001953125,0.0,0.0,101.0,0.0,619.0,0.0,113.47810931955391,-35.88757466894728,113.91260708575555,48.96096794741747
983,27.0400390625,0.0,0.0,100.0,0.0,619.0,0.0,113.51010253794075,-35.87450728235355,113.95642217518665,48.92776646183541
984,27.070068359375,0.0,0.0,101.0,0.0,620.0,0.0,113.47146285857494,-36.05176410457525,113.70245066617238,48.99233366871342
985,27.10009765625,0.0,0.0,101.0,0.0,619.0,0.0,113.5038639910021,-35.88099382685147,113.86868352161325,48.997237213856444
986,27.1201171875,0.0,0.0,101.0,0.0,620.0,0.0,113.52985711747613,-35.863787362080686,113.8754363344981,49.02794122318474
987,27.150146484375,0.0,0.0,101.0,0.0,620.0,0.0,113.52985711747611,-35.8637873620807,113.87543633449812,49.02794122318474
988,27.179931640625,0.0,0.0,101.0,0.0,619.0,0.0,113.35400024590719,-35.8935322651985,113.71207318779238,48.945469260614736
989,27.199951171875,0.0,0.0,101.0,0.0,618.0,0.0,113.35400024590719,-35.8935322651985,113.71207318779238,48.945469260614736
990,27.22998046875,0.0,0.0,100.0,0.0,618.0,0.0,113.48635895398724,-35.90733445929771,113.88736710692604,48.9863518421555
991,27.25,0.0,0.0,101.0,0.0,620.0,0.0,113.48635895398722,-35.907334459297694,113.88736710692604,48.98635184215551
992,27.280029296875,0.0,0.0,101.0,0.0,619.0,0.0,113.32857212602438,-35.91515636864085,113.86056068184354,49.00723800944318
993,27.300048828125,0.0,0.0,101.0,0.0,618.0,0.0,113.32857212602438,-35.915156368640865,113.86056068184354,49.00723800944317
994,27.330078125,0.0,0.0,101.0,0.0,618.0,0.0,113.50995471479992,-35.87692828983248,113.67046631420146,48.96072322476986
995,27.360107421875,0.0,0.0,101.0,0.0,619.0,0.0,113.5099547147999,-35.87692828983245,113.67046631420146,48.96072322476986
996,27.380126953125,0.0,0.0,100.0,0.0,620.0,0.0,113.513703447452,-35.88163295156667,113.68323098213122,48.984808383360786
997,27.409912109375,0.0,0.0,101.0,0.0,619.0,0.0,113.513703447452,-35.88163295156666,113.6832309821312,48.98480838336079
998,27.43994140625,0.0,0.0,101.0,0.0,619.0,0.0,113.48906732999366,-35.87570524438773,113.70908500788589,48.92565418622326
999,27.4599609375,0.0,0.0,101.0,0.0,618.0,0.0,113.49082370948636,-35.874784556239995,113.86643017109925,49.00153460118954
1000,27.489990234375,0.0,0.0,100.0,0.0,617.0,0.0,113.49082370948636,-35.874784556239995,113.86643017109925,49.00153460118954
1001,27.510009765625,0.0,0.0,101.0,0.0,620.0,0.0,113.51723938859821,-35.8601597974608,113.6753774839851,48.969719127738735
1002,27.5400390625,0.0,0.0,101.0,0.0,619.0,0.0,113.372277297774,-36.20676906734608,113.56964795395155,48.60735800977211
1003,27.56005859375,0.0,0.0,101.0,0.0,617.0,0.0,113.372277297774,-36.20676906734608,113.56964795395155,48.60735800977211
1004,27.590087890625,0.0,0.0,101.0,0.0,620.0,0.0,113.33112706103176,-36.05524924386706,113.5870168480016,48.644173315273086
1005,27.6201171875,0.0,0.0,100.0,0.0,618.0,0.0,113.39039691698247,-36.021136558955746,113.3915021772516,48.6218629653541
1006,27.64013671875,0.0,0.0,101.0,0.0,618.0,0.0,113.39039691698247,-36.02113655895576,113.3915021772516,48.6218629653541
1007,27.669921875,0.0,0.0,100.0,0.0,616.0,0.0,113.35592203228005,-36.05322357620559,113.42202210830914,48.610021813349874
1008,27.699951171875,0.0,0.0,101.0,0.0,617.0,0.0,113.37447144655417,-36.04089065694202,113.25345965068718,48.58848470676976
1009,27.719970703125,0.0,0.0,101.0,0.0,618.0,0.0,113.35869209035964,-36.04175888411618,113.26203689901232,48.60218698866551
1010,27.75,0.0,0.0,100.0,0.0,617.0,0.0,113.35869209035964,-36.04175888411618,113.26203689901232,48.60218698866551
1011,27.77001953125,0.0,0.0,101.0,0.0,618.0,0.0,113.3278229006238,-36.03905999225003,113.55202430507029,48.636030196898496
1012,27.800048828125,0.0,0.0,100.0,0.0,619.0,0.0,113.35788463028348,-36.068228303186835,113.38998483379905,48.60121220520601
1013,27.820068359375,0.0,0.0,101.0,0.0,617.0,0.0,113.33761321677767,-36.05190663290209,113.40015962968562,48.586747696535845
1014,27.85009765625,0.0,0.0,101.0,0.0,617.0,0.0,113.33761321677767,-36.05190663290207,113.40015962968563,48.58674769653585
1015,27.880126953125,0.0,0.0,101.0,0.0,620.0,0.0,113.33810981769493,-36.066238346629575,113.55505202446562,48.61261899852032
1016,27.900146484375,0.0,0.0,101.0,0.0,619.0,0.0,113.38927400307377,-36.055988582915894,113.39898934633247,48.615201350761026
1017,27.929931640625,0.0,0.0,101.0,0.0,619.0,0.0,113.33106469232533,-36.03238740855384,113.38945395604097,48.6143923237651
1018,27.9599609375,0.0,0.0,101.0,0.0,617.0,0.0,113.1733097764717,-36.06468998182481,113.38346966940122,48.58615356050558
1019,27.97998046875,0.0,0.0,101.0,0.0,617.0,0.0,113.1733097764717,-36.06468998182481,113.38346966940122,48.58615356050557
1020,28.010009765625,0.0,0.0,100.0,0.0,617.0,0.0,113.33154441569953,-36.057252031972084,113.40914505932902,48.600694418060456
1021,28.030029296875,0.0,0.0,100.0,0.0,618.0,0.0,113.36120497865404,-35.98488970848295,113.22867885846824,48.59203683141347
1022,28.06005859375,0.0,0.0,101.0,0.0,616.0,0.0,114.12790810126499,-35.75968829145383,113.85091561000904,49.20698872229396
1023,28.080078125,0.0,0.0,102.0,0.0,618.0,0.0,114.07256750947849,-35.7636269691398,113.87062679610763,49.03044348199565
1024,28.110107421875,0.0,0.0,101.0,0.0,618.0,0.0,114.07256750947849,-35.763626969139786,113.87062679610762,49.03044348199565
1025,28.14013671875,0.0,0.0,101.0,0.0,619.0,0.0,114.08213382267674,-35.80220796394773,113.87944728350284,49.15567701822221
1026,28.159912109375,0.0,0.0,101.0,0.0,617.0,0.0,114.10124337987651,-36.001052126426664,113.87516871745758,49.209284558958586
1027,28.18994140625,0.0,0.0,101.0,0.0,620.0,0.0,114.10124337987651,-36.00105212642664,113.87516871745757,49.2092845589586
1028,28.2099609375,0.0,0.0,101.0,0.0,618.0,0.0,114.10128223640116,-35.775460754475034,114.04763853766755,49.18717575733272
1029,28.239990234375,0.0,0.0,100.0,0.0,618.0,0.0,114.10128223640116,-35.775460754475034,114.04763853766755,49.18717575733272
1030,28.27001953125,0.0,0.0,100.0,0.0,615.0,0.0,114.08968741550332,-35.834839284442985,113.85542175942423,49.18939836033515
1031,28.2900390625,0.0,0.0,100.0,0.0,616.0,0.0,114.09296062350448,-35.75556917452491,113.87493573857493,49.14521175395319
1032,28.320068359375,0.0,0.0,101.0,0.0,618.0,0.0,114.09296062350447,-35.755569174524894,113.87493573857493,49.14521175395319
1033,28.340087890625,0.0,0.0,100.0,0.0,617.0,0.0,114.11116504103033,-35.79179681094519,113.84801116883395,49.17866808628295
1034,28.3701171875,0.0,0.0,101.0,0.0,617.0,0.0,114.09735553295522,-35.806107627986954,113.83819584112851,49.14357057131335
1035,28.400146484375,0.0,0.0,100.0,0.0,616.0,0.0,114.0555346486779,-35.817619140919476,113.86661296707712,49.1954872774239
1036,28.419921875,0.0,0.0,102.0,0.0,616.0,0.0,114.0555346486779,-35.81761914091946,113.8666129670771,49.19548727742391
1037,28.449951171875,0.0,0.0,101.0,0.0,617.0,0.0,114.12220539815598,-35.764173759800755,113.81916231589085,49.15232117007255
1038,28.469970703125,0.0,0.0,101.0,0.0,617.0,0.0,114.12220539815598,-35.76417375980074,113.81916231589085,49.152321170072554
1039,28.5,0.0,0.0,101.0,0.0,617.0,0.0,114.12411627608329,-35.79298013296769,113.83396007476932,49.172378452369166
1040,28.530029296875,0.0,0.0,101.0,0.0,616.0,0.0,114.09222119615782,-35.77964135672263,113.83396007476932,49.172378452369166
1041,28.550048828125,0.0,0.0,101.0,0.0,617.0,0.0,114.12674906988306,-35.7759675351733,113.83396007476931,49.172378452369166
1042,28.580078125,0.0,0.0,102.0,0.0,615.0,0.0,113.19648376249036,-35.58099356525044,113.03171098157057,49.06711576216024
1043,28.60009765625,0.0,0.0,100.0,0.0,617.0,0.0,113.21528726244213,-35.56863503676331,113.03603715114787,49.10960211870672
1044,28.630126953125,0.0,0.0,101.0,0.0,618.0,0.0,113.21528726244213,-35.56863503676331,113.03603715114787,49.10960211870672
1045,28.659912109375,0.0,0.0,101.0,0.0,617.0,0.0,113.19119840090181,-35.71616282236563,113.01351556578973,49.089677459677496
1046,28.679931640625,0.0,0.0,100.0,0.0,616.0,0.0,113.23664534598315,-35.55505549088492,113.01771939073095,49.060943642768194
1047,28.7099609375,0.0,0.0,101.0,0.0,616.0,0.0,113.23664534598315,-35.555055490884946,113.01771939073096,49.06094364276819
1048,28.72998046875,0.0,0.0,101.0,0.0,617.0,0.0,113.20528948228358,-35.582650400300196,112.9927215288309,49.055101597858425
1049,28.760009765625,0.0,0.0,100.0,0.0,616.0,0.0,113.16908801749467,-35.58885236511498,113.00972076084167,49.03265404833996
1050,28.7900390625,0.0,0.0,100.0,0.0,618.0,0.0,113.16908801749467,-35.588852365114995,113.00972076084167,49.03265404833995
1051,28.81005859375,0.0,0.0,100.0,0.0,615.0,0.0,113.221832434383,-35.55579942802559,113.00798349151142,49.080643391915814
1052,28.840087890625,0.0,0.0,100.0,0.0,617.0,0.0,113.18995715815718,-35.55388549195012,112.99272152883091,49.05510159785841
1053,28.860107421875,0.0,0.0,101.0,0.0,615.0,0.0,113.18617541709057,-35.62263456050947,112.99553131356676,48.890848270355725
1054,28.89013671875,0.0,0.0,101.0,0.0,617.0,0.0,113.20695418718083,-35.57962039213896,112.98790769667887,49.05972046636327
1055,28.919921875,0.0,0.0,100.0,0.0,615.0,0.0,113.20695418718083,-35.57962039213895,112.98790769667887,49.05972046636327
1056,28.93994140625,0.0,0.0,101.0,0.0,616.0,0.0,113.20492483805913,-35.58634865314205,113.00667167762253,49.061261769625645
1057,28.969970703125,0.0,0.0,101.0,0.0,616.0,0.0,113.20094839136306,-35.5323128502066,112.98577750119827,49.06808647047795
1058,28.989990234375,0.0,0.0,101.0,0.0,615.0,0.0,113.2022356383393,-35.52381439981064,112.9957972692113,49.071811824668345
1059,29.02001953125,0.0,0.0,101.0,0.0,616.0,0.0,113.2022356383393,-35.52381439981064,112.9957972692113,49.071811824668345
1060,29.050048828125,0.0,0.0,101.0,0.0,616.0,0.0,113.22184879314621,-35.521221596546674,112.9600079203608,49.03109126923746
1061,29.070068359375,0.0,0.0,101.0,0.0,617.0,0.0,113.21547214839696,-35.51292296717655,112.98555303424315,49.03189183844069
1062,29.10009765625,0.0,0.0,101.0,0.0,616.0,0.0,113.34615366508568,-36.16805058142497,113.04635312298015,48.85342061108992
1063,29.1201171875,0.0,0.0,102.0,0.0,615.0,0.0,113.3180071975795,-36.18391864652018,113.05877776418684,48.854128550997224
1064,29.150146484375,0.0,0.0,100.0,0.0,616.0,0.0,113.3180071975795,-36.18391864652018,113.05877776418684,48.854128550997224
1065,29.179931640625,0.0,0.0,101.0,0.0,614.0,0.0,113.29670939741588,-35.984001249342576,113.03184825314273,48.86124423248785
1066,29.199951171875,0.0,0.0,101.0,0.0,615.0,0.0,113.14352680158399,-35.976626630700956,113.04429550631644,48.86191117553932
1067,29.22998046875,0.0,0.0,101.0,0.0,615.0,0.0,113.31534464934552,-36.018096775588134,113.08302392232257,48.71016574191863
1068,29.25,0.0,0.0,100.0,0.0,617.0,0.0,113.31534464934552,-36.018096775588134,113.08302392232257,48.71016574191863
1069,29.280029296875,0.0,0.0,101.0,0.0,615.0,0.0,113.30897908915274,-36.00851622247161,113.06032409796077,48.85959055084488
1070,29.31005859375,0.0,0.0,101.0,0.0,613.0,0.0,113.31376502260682,-35.993803214574555,113.05877776418684,48.854128550997224
1071,29.330078125,0.0,0.0,100.0,0.0,617.0,0.0,113.31376502260682,-35.993803214574555,113.05877776418684,48.854128550997224
1072,29.360107421875,0.0,0.0,100.0,0.0,615.0,0.0,113.31376502260682,-35.993803214574555,113.05877776418684,48.854128550997224
1073,29.380126953125,0.0,0.0,101.0,0.0,614.0,0.0,113.34752228567487,-36.0060803713424,113.05211079971777,48.65950921017896
1074,29.409912109375,0.0,0.0,100.0,0.0,615.0,0.0,113.28950110092748,-36.001704955118925,113.02577838132767,48.867122659175585
1075,29.43994140625,0.0,0.0,100.0,0.0,616.0,0.0,113.30723635386195,-36.0083306618005,113.01080578032335,48.86775575048224
1076,29.4599609375,0.0,0.0,100.0,0.0,615.0,0.0,113.30111267663543,-36.01373135113125,113.01869936083219,48.8524895546283
1077,29.489990234375,0.0,0.0,101.0,0.0,616.0,0.0,113.28127088154125,-36.01603030544341,113.03142443078202,48.85400304082854
1078,29.52001953125,0.0,0.0,101.0,0.0,617.0,0.0,113.30163661611155,-36.04365646074337,112.9977512252704,48.86758982426423
1079,29.5400390625,0.0,0.0,101.0,0.0,615.0,0.0,113.34345553067124,-36.01364411751712,113.01869936083219,48.8524895546283
1080,29.570068359375,0.0,0.0,101.0,0.0,616.0,0.0,113.34345553067124,-36.01364411751712,113.01869936083219,48.8524895546283
1081,29.590087890625,0.0,0.0,100.0,0.0,614.0,0.0,113.30431715466395,-36.007024705146435,113.03177878976959,48.87072646437499
1082,29.6201171875,0.0,0.0,101.0,0.0,615.0,0.0,113.62835985722093,-35.96204552278762,113.30984765793099,49.30682259780903
1083,29.64013671875,0.0,0.0,101.0,0.0,617.0,0.0,113.62432733636506,-35.79349866450283,113.302730523793,49.303222289709275
1084,29.669921875,0.0,0.0,102.0,0.0,616.0,0.0,113.62432733636504,-35.7934986645028,113.30273052379299,49.30322228970929
1085,29.699951171875,0.0,0.0,101.0,0.0,615.0,0.0,113.63866105033935,-35.77374337137702,113.31589075188354,49.31199697387144
1086,29.719970703125,0.0,0.0,101.0,0.0,615.0,0.0,113.63866105033935,-35.77374337137704,113.31589075188354,49.31199697387143
1087,29.75,0.0,0.0,101.0,0.0,614.0,0.0,113.63176944212165,-35.954172969342636,113.30276838733008,49.29216228565524
1088,29.780029296875,0.0,0.0,100.0,0.0,614.0,0.0,113.48611935767681,-35.757595260868605,113.32327678857166,49.289493320369075
1089,29.800048828125,0.0,0.0,101.0,0.0,615.0,0.0,113.48611935767681,-35.757595260868605,113.32327678857166,49.28949332036907
1090,29.830078125,0.0,0.0,101.0,0.0,615.0,0.0,113.48530670804666,-35.766908910350665,113.3098097942518,49.317882616765274
1091,29.85009765625,0.0,0.0,100.0,0.0,614.0,0.0,113.64763741742199,-35.76186799592639,113.3294161547175,49.33317672598529
1092,29.880126953125,0.0,0.0,100.0,0.0,614.0,0.0,113.64763741742199,-35.761867995926416,113.3294161547175,49.33317672598528
1093,29.909912109375,0.0,0.0,101.0,0.0,614.0,0.0,113.64627427854164,-35.80354390461641,113.13758936855977,49.31173383167645
1094,29.929931640625,0.0,0.0,100.0,0.0,614.0,0.0,113.64627427854163,-35.803543904616426,113.13758936855977,49.31173383167644
1095,29.9599609375,0.0,0.0,101.0,0.0,614.0,0.0,113.66830068092952,-35.94735049356173,113.3048063198491,49.13831972169733
1096,29.97998046875,0.0,0.0,101.0,0.0,612.0,0.0,113.66830068092952,-35.94735049356173,113.3048063198491,49.13831972169733
1097,30.010009765625,0.0,0.0,100.0,0.0,613.0,0.0,113.65690866897769,-35.77282524128805,113.12424172626022,49.152623566579244
1098,30.030029296875,0.0,0.0,101.0,0.0,613.0,0.0,113.64200876385614,-35.76589286278534,113.302730523793,49.30322228970926
1099,30.06005859375,0.0,0.0,101.0,0.0,614.0,0.0,113.64200876385614,-35.76589286278534,113.302730523793,49.30322228970926
1100,30.090087890625,0.0,0.0,101.0,0.0,614.0,0.0,113.65448795627373,-35.770128568556146,113.30378718852094,49.31271945939302
1101,30.110107421875,0.0,0.0,101.0,0.0,612.0,0.0,113.64402794631303,-35.792274091551306,113.302730523793,49.30322228970926
1102,30.14013671875,0.0,0.0,100.0,0.0,614.0,0.0,113.55002795673701,-36.359667105461746,113.24764364674719,48.561360677893234
1103,30.169921875,0.0,0.0,101.0,0.0,614.0,0.0,113.55002795673701,-36.35966710546173,113.24764364674718,48.56136067789324
1104,30.18994140625,0.0,0.0,101.0,0.0,614.0,0.0,113.56710192813128,-36.16794607838312,113.26255073903192,48.55215802535214
1105,30.219970703125,0.0,0.0,101.0,0.0,614.0,0.0,113.60157560381934,-36.12795008689255,113.09850024790786,48.583438390287164
1106,30.239990234375,0.0,0.0,100.0,0.0,613.0,0.0,113.56204740085236,-36.164444598343295,113.12482475328636,48.57421353523102
1107,30.27001953125,0.0,0.0,101.0,0.0,613.0,0.0,113.57127946754197,-36.14125770828092,113.26961988414146,48.56677870626692
1108,30.2900390625,0.0,0.0,101.0,0.0,613.0,0.0,113.57127946754197,-36.14125770828086,113.26961988414145,48.56677870626693
1109,30.320068359375,0.0,0.0,101.0,0.0,615.0,0.0,113.54806456885265,-36.1697960067959,113.11278126463233,48.554178710020764
1110,30.35009765625,0.0,0.0,100.0,0.0,613.0,0.0,113.5659278032339,-36.1337467469492,113.26455691138429,48.387709621089954
1111,30.3701171875,0.0,0.0,101.0,0.0,613.0,0.0,113.5659278032339,-36.1337467469492,113.26455691138429,48.387709621089954
1112,30.400146484375,0.0,0.0,101.0,0.0,614.0,0.0,113.57982183102737,-36.13849057163939,113.24162048698585,48.56723105442108
1113,30.429931640625,0.0,0.0,101.0,0.0,615.0,0.0,113.53131454791048,-36.19578624945382,113.0707464126296,48.57039353387315
1114,30.449951171875,0.0,0.0,101.0,0.0,614.0,0.0,113.39185456113842,-36.18622121502795,113.0785252643743,48.54842820930546
1115,30.47998046875,0.0,0.0,101.0,0.0,614.0,0.0,113.58183813379053,-36.15874609975292,113.06913815075572,48.4088172110009
1116,30.5,0.0,0.0,101.0,0.0,611.0,0.0,113.60168391808566,-36.14264557065841,113.27096886919733,48.539198592697645
1117,30.530029296875,0.0,0.0,101.0,0.0,614.0,0.0,113.60168391808566,-36.14264557065841,113.27096886919733,48.539198592697645
1118,30.550048828125,0.0,0.0,101.0,0.0,615.0,0.0,113.55981625278392,-36.1391780060104,113.07653462752663,48.564629701311695
1119,30.580078125,0.0,0.0,100.0,0.0,613.0,0.0,113.55599574038406,-36.16981209825821,113.0707464126296,48.57039353387315
1120,30.610107421875,0.0,0.0,101.0,0.0,615.0,0.0,113.57166948204289,-36.175665686359416,113.07248186786495,48.5567314508233
1121,30.630126953125,0.0,0.0,101.0,0.0,613.0,0.0,113.57166948204289,-36.175665686359416,113.07248186786495,48.5567314508233
1122,30.659912109375,0.0,0.0,100.0,0.0,613.0,0.0,113.33860111339818,-35.73436650844957,112.86389302145899,49.352047627363554
1123,30.68994140625,0.0,0.0,101.0,0.0,613.0,0.0,113.33860111339818,-35.73436650844958,112.863893021459,49.35204762736355
1124,30.7099609375,0.0,0.0,101.0,0.0,613.0,0.0,113.33395040359468,-35.54426469611334,112.86746431952933,49.19630539092052
1125,30.739990234375,0.0,0.0,101.0,0.0,614.0,0.0,113.3335648195256,-35.740839495425625,113.01799548319153,49.330853395862505
1126,30.760009765625,0.0,0.0,100.0,0.0,612.0,0.0,113.3335648195256,-35.740839495425625,113.01799548319153,49.330853395862505
1127,30.7900390625,0.0,0.0,101.0,0.0,613.0,0.0,113.33916776375955,-35.50350601940955,112.88886975142876,49.18157882088492
1128,30.81005859375,0.0,0.0,101.0,0.0,612.0,0.0,113.16380577613928,-35.52940955431606,112.89017650310544,49.3432260009028
1129,30.840087890625,0.0,0.0,101.0,0.0,614.0,0.0,113.32593202352294,-35.58206326510784,112.86746431952933,49.196305390920514
1130,30.8701171875,0.0,0.0,101.0,0.0,610.0,0.0,113.32593202352294,-35.58206326510787,112.86746431952933,49.196305390920514
1131,30.89013671875,0.0,0.0,101.0,0.0,609.0,0.0,113.35315707642727,-35.51891726286578,112.8529043545494,49.33969321740669
1132,30.919921875,0.0,0.0,100.0,0.0,612.0,0.0,113.3517136469901,-35.57279134026319,112.87524950976434,49.36312890167734
1133,30.93994140625,0.0,0.0,101.0,0.0,612.0,0.0,113.3517136469901,-35.57279134026319,112.87524950976434,49.363128901677335
1134,30.969970703125,0.0,0.0,101.0,0.0,612.0,0.0,113.31927553575068,-35.53439218119503,112.88488402198253,49.33722327331503
1135,31.0,0.0,0.0,101.0,0.0,612.0,0.0,113.34064922058785,-35.528656501134016,112.86916367836933,49.35807048702419
1136,31.02001953125,0.0,0.0,100.0,0.0,613.0,0.0,113.31647820323116,-35.570581556339604,112.86746431952935,49.19630539092051
1137,31.050048828125,0.0,0.0,101.0,0.0,613.0,0.0,113.16992713614442,-35.523887203227396,112.8529043545494,49.339693217406705
1138,31.070068359375,0.0,0.0,102.0,0.0,613.0,0.0,113.31143310760086,-35.537289207047124,112.86995838364861,49.35709484381113
1139,31.10009765625,0.0,0.0,100.0,0.0,614.0,0.0,113.31143310760086,-35.537289207047124,112.86995838364861,49.35709484381113
1140,31.130126953125,0.0,0.0,102.0,0.0,611.0,0.0,113.2916865680069,-35.52810385639138,112.8529043545494,49.339693217406705
1141,31.150146484375,0.0,0.0,100.0,0.0,611.0,0.0,113.31418178821639,-35.57510650876028,112.85592671878229,49.35087526001371
1142,31.179931640625,0.0,0.0,101.0,0.0,611.0,0.0,113.82085076193027,-35.63482814419207,113.28298031963638,48.89159643704562
1143,31.199951171875,0.0,0.0,101.0,0.0,611.0,0.0,113.60469136518334,-35.679541676542826,113.27708443439164,49.04014263704484
1144,31.22998046875,0.0,0.0,101.0,0.0,612.0,0.0,113.83917101471833,-35.60751440657056,113.2695120503491,48.884530368295415
1145,31.260009765625,0.0,0.0,100.0,0.0,612.0,0.0,113.81768683173537,-35.61857580260699,113.26906883829946,48.89478793569544
1146,31.280029296875,0.0,0.0,101.0,0.0,612.0,0.0,113.81768683173537,-35.61857580260699,113.26906883829946,48.89478793569544
1147,31.31005859375,0.0,0.0,101.0,0.0,610.0,0.0,113.83203134417518,-35.62183315395205,113.25753860566711,48.883502372954666
1148,31.330078125,0.0,0.0,101.0,0.0,610.0,0.0,113.83203134417518,-35.62183315395208,113.25753860566712,48.88350237295466
1149,31.360107421875,0.0,0.0,101.0,0.0,611.0,0.0,113.84366101671792,-35.60137612047933,113.29089817045299,48.86991113789733
1150,31.39013671875,0.0,0.0,101.0,0.0,612.0,0.0,113.8456169863074,-35.59306997502274,113.2829803196364,48.891596437045585
1151,31.409912109375,0.0,0.0,102.0,0.0,609.0,0.0,113.83928964222542,-35.645949725470494,113.24917130667612,49.01281783234308
1152,31.43994140625,0.0,0.0,101.0,0.0,611.0,0.0,113.83928964222542,-35.64594972547051,113.24917130667612,49.012817832343075
1153,31.4599609375,0.0,0.0,102.0,0.0,612.0,0.0,113.79734213268326,-35.61884537931218,113.24764798295189,48.859424711820346
1154,31.489990234375,0.0,0.0,101.0,0.0,612.0,0.0,113.8248049488402,-35.60424193571442,113.28452940656237,49.05310445694446
1155,31.52001953125,0.0,0.0,101.0,0.0,613.0,0.0,113.78121031228686,-35.62344813230656,113.28298031963641,48.891596437045564
1156,31.5400390625,0.0,0.0,100.0,0.0,612.0,0.0,113.77280386491262,-35.650429368114494,113.2624045603855,49.02000081539667
1157,31.570068359375,0.0,0.0,101.0,0.0,614.0,0.0,113.77280386491262,-35.65042936811452,113.2624045603855,49.02000081539666
1158,31.590087890625,0.0,0.0,101.0,0.0,612.0,0.0,113.82548321824947,-35.65272475502599,113.26416960348709,48.87853780580569
1159,31.6201171875,0.0,0.0,100.0,0.0,613.0,0.0,113.82480494884021,-35.60424193571452,113.26107620181673,48.866447440904
1160,31.650146484375,0.0,0.0,102.0,0.0,612.0,0.0,113.82480494884021,-35.60424193571455,113.26107620181673,48.866447440904
1161,31.669921875,0.0,0.0,101.0,0.0,611.0,0.0,113.64470915889329,-35.66546622340337,113.25509797844656,49.02754003023161
1162,31.699951171875,0.0,0.0,101.0,0.0,611.0,0.0,113.28671247841854,-35.71304113722159,112.79957514381968,49.149612017801154
1163,31.719970703125,0.0,0.0,101.0,0.0,609.0,0.0,113.28671247841854,-35.71304113722159,112.79957514381968,49.149612017801154
1164,31.75,0.0,0.0,101.0,0.0,610.0,0.0,113.28122145043221,-35.71434566591578,112.8422917526603,49.32945648911405
1165,31.780029296875,0.0,0.0,100.0,0.0,611.0,0.0,113.12841266308845,-35.64586364830653,112.77825084971599,49.1486956813918
1166,31.800048828125,0.0,0.0,101.0,0.0,612.0,0.0,113.2965406424709,-35.71036549789457,112.78455914204328,49.18125387912159
1167,31.830078125,0.0,0.0,101.0,0.0,610.0,0.0,113.14216618985219,-35.855665467798914,112.77501661337857,49.29634752610809
1168,31.85009765625,0.0,0.0,100.0,0.0,612.0,0.0,113.14216618985219,-35.8556654677989,112.77501661337857,49.2963475261081
1169,31.880126953125,0.0,0.0,100.0,0.0,612.0,0.0,113.11358809176478,-35.708497098920255,112.77854262234602,49.14823504190503
1170,31.909912109375,0.0,0.0,101.0,0.0,611.0,0.0,113.11358809176477,-35.70849709892024,112.77854262234602,49.14823504190504
1171,31.929931640625,0.0,0.0,101.0,0.0,611.0,0.0,113.2627367890423,-35.85520980886441,112.7995751438197,49.14961201780116
1172,31.9599609375,0.0,0.0,100.0,0.0,611.0,0.0,113.2627367890423,-35.855209808864394,112.79957514381968,49.14961201780116
1173,31.97998046875,0.0,0.0,101.0,0.0,611.0,0.0,113.28943726475353,-35.69928610007058,112.78493317439069,49.1437209009044
1174,32.010009765625,0.0,0.0,101.0,0.0,609.0,0.0,113.28943726475354,-35.69928610007055,112.78493317439069,49.143720900904405
1175,32.0400390625,0.0,0.0,101.0,0.0,613.0,0.0,113.30820891622243,-35.68192906867646,112.80152810727105,49.162849497684014
1176,32.06005859375,0.0,0.0,101.0,0.0,612.0,0.0,113.30820891622243,-35.681929068676475,112.80152810727105,49.162849497684014
1177,32.090087890625,0.0,0.0,101.0,0.0,612.0,0.0,113.29989489558145,-35.65411026745992,112.7875481876002,49.30607864038883
1178,32.110107421875,0.0,0.0,100.0,0.0,611.0,0.0,113.29989489558145,-35.654110267459906,112.7875481876002,49.30607864038883
1179,32.14013671875,0.0,0.0,101.0,0.0,610.0,0.0,113.28507060005848,-35.855269295031285,112.7857350597647,49.13120959690631
1180,32.169921875,0.0,0.0,101.0,0.0,610.0,0.0,113.30225476483086,-35.70295628274251,112.80152810727105,49.162849497684014
1181,32.18994140625,0.0,0.0,101.0,0.0,610.0,0.0,113.28518908759283,-35.68346886973762,112.7875481876002,49.30607864038883
1182,32.219970703125,0.0,0.0,101.0,0.0,614.0,0.0,113.87060626088393,-35.725919077965116,113.2207065976581,48.790244663650384
1183,32.25,0.0,0.0,101.0,0.0,612.0,0.0,113.80827652111398,-35.74342305742588,113.22070659765811,48.79024466365038
1184,32.27001953125,0.0,0.0,101.0,0.0,611.0,0.0,113.80827652111398,-35.74342305742589,113.22070659765811,48.79024466365036
1185,32.300048828125,0.0,0.0,100.0,0.0,611.0,0.0,113.83509278387203,-35.72689213576672,113.23275083504892,48.634338294902
1186,32.320068359375,0.0,0.0,102.0,0.0,611.0,0.0,113.7995673444088,-35.73284039955128,113.24347355213314,48.80359621787033
1187,32.35009765625,0.0,0.0,100.0,0.0,610.0,0.0,113.7995673444088,-35.73284039955128,113.24347355213314,48.80359621787033
1188,32.3701171875,0.0,0.0,101.0,0.0,610.0,0.0,113.85298484079792,-35.700577362095416,113.22482718570565,48.62349994216936
1189,32.400146484375,0.0,0.0,101.0,0.0,613.0,0.0,113.80784021305976,-35.752535656497535,113.24156448842939,48.79131254872447
1190,32.429931640625,0.0,0.0,101.0,0.0,609.0,0.0,113.808276521114,-35.74342305742594,113.23808672762263,48.640335230349166
1191,32.449951171875,0.0,0.0,100.0,0.0,612.0,0.0,113.82149165201693,-35.75224951224338,113.24135113683637,48.64258411483459
1192,32.47998046875,0.0,0.0,101.0,0.0,609.0,0.0,113.82149165201693,-35.75224951224341,113.24135113683637,48.642584114834584
1193,32.510009765625,0.0,0.0,100.0,0.0,611.0,0.0,113.81780549558152,-35.73408867335612,113.24929478848142,48.65344414079685
1194,32.530029296875,0.0,0.0,101.0,0.0,611.0,0.0,113.8325395403725,-35.710831467898274,113.23275083504893,48.63433829490198
1195,32.56005859375,0.0,0.0,101.0,0.0,612.0,0.0,113.83637727344001,-35.752560670360545,113.22725095763896,48.785263061464214
1196,32.580078125,0.0,0.0,101.0,0.0,610.0,0.0,113.83637727344001,-35.752560670360545,113.22725095763896,48.785263061464214
1197,32.610107421875,0.0,0.0,101.0,0.0,607.0,0.0,113.77810409488069,-35.73979725142023,113.19758394172116,48.62952705275307
1198,32.630126953125,0.0,0.0,100.0,0.0,608.0,0.0,113.625260725373,-35.76596430418273,113.22482718570566,48.623499942169346
1199,32.659912109375,0.0,0.0,102.0,0.0,610.0,0.0,113.79452619358571,-35.760567959664144,113.20765949436955,48.78196874605323
1200,32.68994140625,0.0,0.0,100.0,0.0,610.0,0.0,113.79452619358571,-35.76056795966416,113.20765949436955,48.781968746053224
1201,32.7099609375,0.0,0.0,101.0,0.0,610.0,0.0,113.83573292690562,-35.741113007485986,113.21980224046672,48.617076576488934
1202,32.739990234375,0.0,0.0,101.0,0.0,609.0,0.0,113.74843066834808,-35.8034338478347,113.1470351736036,49.48084619853808
1203,32.77001953125,0.0,0.0,101.0,0.0,608.0,0.0,113.74843066834808,-35.80343384783468,113.1470351736036,49.48084619853809
1204,32.7900390625,0.0,0.0,101.0,0.0,609.0,0.0,113.75535642834497,-35.59908458535472,113.13550046102216,49.49640837702583
1205,32.820068359375,0.0,0.0,101.0,0.0,609.0,0.0,113.75535642834497,-35.59908458535473,113.13550046102218,49.49640837702583
1206,32.840087890625,0.0,0.0,101.0,0.0,611.0,0.0,113.78783550691847,-35.763911184807775,113.12886197111794,49.32584637732143
1207,32.8701171875,0.0,0.0,101.0,0.0,610.0,0.0,113.78993392063865,-35.558873331064234,113.14449016429558,49.31832263521929
1208,32.89013671875,0.0,0.0,101.0,0.0,612.0,0.0,113.7842374550176,-35.58251097500906,113.1470351736036,49.48084619853809
1209,32.919921875,0.0,0.0,101.0,0.0,612.0,0.0,113.78423745501759,-35.58251097500903,113.14703517360358,49.480846198538096
1210,32.949951171875,0.0,0.0,101.0,0.0,611.0,0.0,113.77800274594536,-35.61833394308273,113.12383902137428,49.31941817621409
1211,32.969970703125,0.0,0.0,101.0,0.0,609.0,0.0,113.73228305085621,-35.6412759506384,113.13168767780147,49.48769884317173
1212,33.0,0.0,0.0,101.0,0.0,609.0,0.0,113.74758313107723,-35.57932155091507,113.13427529280486,49.49807090437347
1213,33.030029296875,0.0,0.0,101.0,0.0,610.0,0.0,113.8026190617519,-35.5754819171877,113.14449016429558,49.31832263521931
1214,33.050048828125,0.0,0.0,100.0,0.0,610.0,0.0,113.8026190617519,-35.57548191718767,113.14449016429558,49.31832263521931
1215,33.080078125,0.0,0.0,101.0,0.0,611.0,0.0,113.76974661633025,-35.59903118366459,113.12282784808018,49.52799871569289
1216,33.10009765625,0.0,0.0,101.0,0.0,610.0,0.0,113.59538782806885,-35.59712911745802,113.16776667672124,49.332513762125835
1217,33.130126953125,0.0,0.0,101.0,0.0,610.0,0.0,113.60470400575475,-35.63310420605763,113.14449016429555,49.318322635219324
1218,33.159912109375,0.0,0.0,100.0,0.0,609.0,0.0,113.60470400575475,-35.633104206057645,113.14449016429558,49.31832263521932
1219,33.179931640625,0.0,0.0,102.0,0.0,608.0,0.0,113.76248130622247,-35.58468481109921,113.12511889597906,49.492705743614
1220,33.2099609375,0.0,0.0,100.0,0.0,609.0,0.0,113.8012663093635,-35.610356515904776,113.10890169026787,49.32263023973589
1221,33.22998046875,0.0,0.0,101.0,0.0,611.0,0.0,113.75465062595035,-35.7980892904306,113.14107539154156,49.46608641427222
1222,33.260009765625,0.0,0.0,101.0,0.0,610.0,0.0,113.59776960190382,-35.65942423327375,112.99216647563978,49.08857416765532
1223,33.280029296875,0.0,0.0,101.0,0.0,609.0,0.0,113.55443614732759,-35.639943606969396,112.98953284509416,48.926454868251824
1224,33.31005859375,0.0,0.0,100.0,0.0,608.0,0.0,113.5598685544748,-35.67595501508174,112.94989203925716,48.92117511421844
1225,33.340087890625,0.0,0.0,101.0,0.0,609.0,0.0,113.5598685544748,-35.67595501508174,112.94989203925715,48.92117511421845
1226,33.360107421875,0.0,0.0,101.0,0.0,610.0,0.0,113.62304689573594,-35.72520825646361,112.95401899205851,48.93076155151895
1227,33.39013671875,0.0,0.0,101.0,0.0,609.0,0.0,113.57649525077726,-35.6629406168684,112.98953284509415,48.92645486825183
1228,33.419921875,0.0,0.0,101.0,0.0,610.0,0.0,113.57649525077726,-35.6629406168684,112.98953284509415,48.92645486825183
1229,33.43994140625,0.0,0.0,101.0,0.0,608.0,0.0,113.55451870675137,-35.668577248476325,112.99216647563978,49.08857416765533
1230,33.469970703125,0.0,0.0,101.0,0.0,609.0,0.0,113.53565035798843,-35.69501875131161,112.96726458519163,48.9389143724592
1231,33.489990234375,0.0,0.0,100.0,0.0,609.0,0.0,113.53565035798843,-35.69501875131159,112.96726458519163,48.93891437245921
1232,33.52001953125,0.0,0.0,101.0,0.0,607.0,0.0,113.57204875920763,-35.68483159534892,112.96535770782872,49.09425274008927
1233,33.5400390625,0.0,0.0,101.0,0.0,608.0,0.0,113.55270136771011,-35.66176404873953,112.96726458519163,48.938914372459216
1234,33.570068359375,0.0,0.0,101.0,0.0,609.0,0.0,113.5566098707121,-35.665245523165105,112.99379759263135,49.07738971137685
1235,33.60009765625,0.0,0.0,100.0,0.0,610.0,0.0,113.5683321831564,-35.68824310096122,112.96726458519161,48.93891437245922
1236,33.6201171875,0.0,0.0,101.0,0.0,609.0,0.0,113.5683321831564,-35.68824310096124,112.96726458519161,48.93891437245922
1237,33.650146484375,0.0,0.0,100.0,0.0,611.0,0.0,113.52475651838019,-35.7000297560897,112.94898167230545,48.92434997396254
1238,33.669921875,0.0,0.0,100.0,0.0,609.0,0.0,113.5444793734673,-35.687151021964496,112.95401899205848,48.93076155151899
1239,33.699951171875,0.0,0.0,100.0,0.0,608.0,0.0,113.38191217256916,-35.6919131196566,112.98953284509413,48.926454868251874
1240,33.72998046875,0.0,0.0,101.0,0.0,608.0,0.0,113.54247659857347,-35.882930138244234,112.98953284509412,48.92645486825189
1241,33.75,0.0,0.0,101.0,0.0,608.0,0.0,113.54247659857346,-35.882930138244205,112.98953284509412,48.926454868251895
1242,33.780029296875,0.0,0.0,100.0,0.0,610.0,0.0,113.81313552767027,-35.868635934325205,113.21597728055079,48.851923983144715
1243,33.800048828125,0.0,0.0,101.0,0.0,610.0,0.0,113.81313552767027,-35.868635934325205,113.21597728055079,48.851923983144715
1244,33.830078125,0.0,0.0,100.0,0.0,606.0,0.0,113.83228305002523,-36.06465659866178,113.23826754357043,48.83942205283903
1245,33.860107421875,0.0,0.0,101.0,0.0,608.0,0.0,113.67772217340467,-35.87800461772918,113.18540605847019,48.826032554058976
1246,33.880126953125,0.0,0.0,101.0,0.0,611.0,0.0,113.67772217340467,-35.87800461772918,113.18540605847019,48.826032554058976
1247,33.909912109375,0.0,0.0,101.0,0.0,608.0,0.0,113.83073626147281,-35.87632433212465,113.21597728055079,48.85192398314472
1248,33.929931640625,0.0,0.0,101.0,0.0,607.0,0.0,113.8714896044512,-35.82966976254096,113.22268115919692,48.846962699545436
1249,33.9599609375,0.0,0.0,101.0,0.0,608.0,0.0,113.87654604802032,-35.86727390779231,113.2458890632099,49.00816252200433
1250,33.989990234375,0.0,0.0,101.0,0.0,610.0,0.0,113.87654604802032,-35.86727390779231,113.2458890632099,49.00816252200433
1251,34.010009765625,0.0,0.0,101.0,0.0,607.0,0.0,113.6745037279852,-35.86546859661629,113.20776404353947,48.850166011987966
1252,34.0400390625,0.0,0.0,100.0,0.0,608.0,0.0,113.88525788720595,-35.885488373268075,113.20500746691293,48.99703514920426
1253,34.06005859375,0.0,0.0,101.0,0.0,607.0,0.0,113.88525788720595,-35.8854883732681,113.20500746691293,48.99703514920425
1254,34.090087890625,0.0,0.0,100.0,0.0,607.0,0.0,113.8357853070436,-35.83552604026614,113.20606290485276,49.00553686060077
1255,34.1201171875,0.0,0.0,101.0,0.0,608.0,0.0,113.83697694799044,-35.86981378068905,113.22563877907965,49.008835182258096
1256,34.14013671875,0.0,0.0,101.0,0.0,610.0,0.0,113.8401890521902,-35.886063121544254,113.19705942327586,48.869697213595344
1257,34.169921875,0.0,0.0,101.0,0.0,611.0,0.0,113.82565174252431,-35.857869963369,113.18387046792922,48.861510129636955
1258,34.18994140625,0.0,0.0,100.0,0.0,608.0,0.0,113.82565174252433,-35.85786996336901,113.18387046792924,48.861510129636955
1259,34.219970703125,0.0,0.0,101.0,0.0,609.0,0.0,113.82966608809845,-35.84097918113302,113.23762842890261,48.8774018650079
1260,34.25,0.0,0.0,101.0,0.0,608.0,0.0,113.85184376739126,-35.865534980510255,113.21802482899906,49.005320858872025
1261,34.27001953125,0.0,0.0,101.0,0.0,605.0,0.0,113.90614452828017,-35.88648980832058,113.20272508588808,48.84374504023256
1262,34.300048828125,0.0,0.0,101.0,0.0,607.0,0.0,113.59341071454429,-35.81176462393741,112.9716575939024,48.920935411343855
1263,34.320068359375,0.0,0.0,100.0,0.0,607.0,0.0,113.59341071454429,-35.81176462393738,112.9716575939024,48.920935411343855
1264,34.35009765625,0.0,0.0,100.0,0.0,609.0,0.0,113.62979816859372,-35.79138412280558,112.97105053757517,48.95327572991507
1265,34.380126953125,0.0,0.0,102.0,0.0,608.0,0.0,113.54266287893176,-35.774451378291744,112.98995678584009,48.935509724622506
1266,34.400146484375,0.0,0.0,101.0,0.0,608.0,0.0,113.54266287893176,-35.774451378291744,112.98995678584009,48.935509724622506
1267,34.429931640625,0.0,0.0,101.0,0.0,608.0,0.0,113.54087883858126,-35.82176506989847,112.97669999192027,48.92735205208377
1268,34.449951171875,0.0,0.0,101.0,0.0,606.0,0.0,113.59513582486306,-36.01415537410258,112.97165759390239,48.92093541134387
1269,34.47998046875,0.0,0.0,101.0,0.0,610.0,0.0,113.54043407732148,-35.83093080779309,112.95281372446439,48.938714118091504
1270,34.510009765625,0.0,0.0,101.0,0.0,607.0,0.0,113.55174098365192,-35.78825510505805,112.97402652301659,49.074214204295
1271,34.530029296875,0.0,0.0,101.0,0.0,608.0,0.0,113.55174098365192,-35.788255105058035,112.97402652301659,49.074214204295
1272,34.56005859375,0.0,0.0,100.0,0.0,607.0,0.0,113.57289844359893,-35.79752994088914,112.98491391568064,48.92910350300233
1273,34.580078125,0.0,0.0,101.0,0.0,608.0,0.0,113.5766976927568,-35.7910277836502,112.96600681110587,48.946890399463605
1274,34.610107421875,0.0,0.0,101.0,0.0,609.0,0.0,113.52383412240874,-35.82702692908195,112.96905790463714,49.06803020174424
1275,34.64013671875,0.0,0.0,101.0,0.0,607.0,0.0,113.52383412240874,-35.82702692908195,112.96905790463714,49.06803020174424
1276,34.659912109375,0.0,0.0,101.0,0.0,609.0,0.0,113.5692028735971,-35.9797212074762,112.97669999192027,48.927352052083776
1277,34.68994140625,0.0,0.0,101.0,0.0,609.0,0.0,113.55954327305747,-35.99292896199822,112.95724285339377,48.91391780030943
1278,34.7099609375,0.0,0.0,102.0,0.0,609.0,0.0,113.5902968983371,-35.82060863957168,112.97165759390239,48.920935411343876
1279,34.739990234375,0.0,0.0,101.0,0.0,609.0,0.0,113.56134308995301,-35.960177953007054,112.97165759390239,48.92093541134388
1280,34.77001953125,0.0,0.0,101.0,0.0,607.0,0.0,113.561343089953,-35.96017795300704,112.97165759390239,48.92093541134388
1281,34.7900390625,0.0,0.0,101.0,0.0,609.0,0.0,113.53427158683158,-35.80217573502979,112.98491391568061,48.92910350300234
1282,34.820068359375,0.0,0.0,101.0,0.0,610.0,0.0,113.23151604088508,-35.608403733872876,112.63405341427412,49.08931536486798
1283,34.840087890625,0.0,0.0,100.0,0.0,609.0,0.0,113.14043664123831,-35.57851465860268,112.63818961707486,49.098902929916825
1284,34.8701171875,0.0,0.0,101.0,0.0,608.0,0.0,113.1404366412383,-35.57851465860271,112.63818961707486,49.09890292991682
1285,34.900146484375,0.0,0.0,101.0,0.0,607.0,0.0,113.18450833308512,-35.6074610850453,112.62814212296053,49.28380771565323
1286,34.919921875,0.0,0.0,101.0,0.0,608.0,0.0,113.19100435637488,-35.592997418407656,112.60210752302335,49.09901729278242
1287,34.949951171875,0.0,0.0,101.0,0.0,609.0,0.0,113.20421453689066,-35.624178584993786,112.62753960657861,49.25347599292513
1288,34.97998046875,0.0,0.0,101.0,0.0,610.0,0.0,113.23875211891635,-35.56245724856975,112.61524175096879,49.10712475208623
1289,35.0,0.0,0.0,101.0,0.0,607.0,0.0,113.23875211891635,-35.56245724856975,112.61524175096878,49.107124752086236
1290,35.030029296875,0.0,0.0,100.0,0.0,607.0,0.0,112.98831672780122,-35.60870344386156,112.63818961707486,49.09890292991683
1291,35.050048828125,0.0,0.0,101.0,0.0,607.0,0.0,113.23714897652455,-35.53785809260646,112.63818961707486,49.098902929916825
1292,35.080078125,0.0,0.0,101.0,0.0,607.0,0.0,113.19805394369165,-35.595602223455494,112.61056298749509,49.23575948837682
1293,35.10009765625,0.0,0.0,101.0,0.0,607.0,0.0,113.16637067598457,-35.60561075264025,112.62883994555517,49.09830039596676
1294,35.130126953125,0.0,0.0,101.0,0.0,605.0,0.0,113.16637067598457,-35.60561075264025,112.62883994555517,49.09830039596676
1295,35.159912109375,0.0,0.0,101.0,0.0,606.0,0.0,113.02035723613562,-35.596814225609926,112.61056298749509,49.23575948837682
1296,35.179931640625,0.0,0.0,100.0,0.0,607.0,0.0,113.18127212594409,-35.605072508108805,112.63818961707486,49.09890292991684
1297,35.2099609375,0.0,0.0,100.0,0.0,607.0,0.0,113.01347887539684,-35.60320227224374,112.60974992901839,49.079589633556424
1298,35.239990234375,0.0,0.0,100.0,0.0,609.0,0.0,113.01347887539684,-35.60320227224377,112.60974992901839,49.07958963355641
1299,35.260009765625,0.0,0.0,101.0,0.0,608.0,0.0,113.19619402816845,-35.56343718854873,112.60650087939106,49.07426794472426
1300,35.2900390625,0.0,0.0,101.0,0.0,609.0,0.0,113.15867113232734,-35.59107706638134,112.63818961707486,49.098902929916825
1301,35.31005859375,0.0,0.0,101.0,0.0,608.0,0.0,113.2109391083293,-35.55770653902204,112.60210752302334,49.09901729278243
1302,35.340087890625,0.0,0.0,101.0,0.0,606.0,0.0,113.03002230081984,-36.04959661017063,112.45814243218277,48.08664986127264
1303,35.360107421875,0.0,0.0,100.0,0.0,606.0,0.0,113.03002230081984,-36.04959661017065,112.45814243218277,48.08664986127263
1304,35.39013671875,0.0,0.0,101.0,0.0,606.0,0.0,113.02311519066967,-36.08929465497248,112.45814243218278,48.08664986127262
1305,35.419921875,0.0,0.0,101.0,0.0,605.0,0.0,112.96424723120568,-36.088572145684026,112.49105311284646,48.07586725762576
1306,35.43994140625,0.0,0.0,101.0,0.0,607.0,0.0,113.03166265524032,-36.246582719091904,112.49105311284646,48.075867257625745
1307,35.469970703125,0.0,0.0,101.0,0.0,607.0,0.0,113.03166265524034,-36.24658271909193,112.49105311284646,48.075867257625745
1308,35.5,0.0,0.0,101.0,0.0,607.0,0.0,112.96811967255097,-36.06979508149931,112.47526775174677,48.10420897192026
1309,35.52001953125,0.0,0.0,101.0,0.0,606.0,0.0,113.03104544416064,-36.040745152016996,112.47244717556414,48.09930841721382
1310,35.550048828125,0.0,0.0,101.0,0.0,607.0,0.0,113.03104544416064,-36.040745152016996,112.47244717556414,48.09930841721382
1311,35.570068359375,0.0,0.0,100.0,0.0,608.0,0.0,112.99984617307513,-36.07377412218211,112.47673887312737,48.06893617866927
1312,35.60009765625,0.0,0.0,101.0,0.0,606.0,0.0,113.03835448792908,-36.10321397558171,112.49105311284647,48.07586725762573
1313,35.6201171875,0.0,0.0,101.0,0.0,604.0,0.0,113.03416985260868,-36.070239454864506,112.48957983174313,48.11119216032594
1314,35.650146484375,0.0,0.0,101.0,0.0,606.0,0.0,112.99025095057969,-36.12526358369753,112.4581424321828,48.086649861272605
1315,35.679931640625,0.0,0.0,101.0,0.0,606.0,0.0,112.81910621827774,-36.11278477912829,112.49396847634218,48.086498951260474
1316,35.699951171875,0.0,0.0,101.0,0.0,607.0,0.0,112.81910621827774,-36.11278477912826,112.49396847634218,48.08649895126048
1317,35.72998046875,0.0,0.0,100.0,0.0,609.0,0.0,112.97087689613116,-36.088014553206655,112.50834358625404,48.09347391524803
1318,35.760009765625,0.0,0.0,101.0,0.0,606.0,0.0,112.99178112904498,-36.25094363665975,112.47673887312736,48.06893617866928
1319,35.780029296875,0.0,0.0,101.0,0.0,606.0,0.0,112.98359646912684,-36.103833806836086,112.47673887312737,48.06893617866927
1320,35.81005859375,0.0,0.0,100.0,0.0,608.0,0.0,112.98359646912684,-36.103833806836086,112.47673887312737,48.068936178669276
1321,35.830078125,0.0,0.0,100.0,0.0,609.0,0.0,113.04081244711087,-36.205326860532395,112.48381107166534,48.06993576922572
1322,35.860107421875,0.0,0.0,100.0,0.0,607.0,0.0,113.0276537025214,-35.69504122939082,112.55402468037428,48.60531057102274
1323,35.880126953125,0.0,0.0,101.0,0.0,606.0,0.0,113.0276537025214,-35.6950412293908,112.55402468037428,48.60531057102274
1324,35.909912109375,0.0,0.0,101.0,0.0,606.0,0.0,113.06947358245723,-35.69768140847024,112.54572666738828,48.64545234312397
1325,35.93994140625,0.0,0.0,101.0,0.0,607.0,0.0,113.06947358245722,-35.69768140847021,112.54572666738828,48.64545234312398
1326,35.9599609375,0.0,0.0,100.0,0.0,604.0,0.0,113.04905174844632,-35.75815593322131,112.52110536103748,48.616119479132436
1327,35.989990234375,0.0,0.0,101.0,0.0,603.0,0.0,113.06947358245722,-35.697681408470196,112.52110536103748,48.616119479132436
1328,36.02001953125,0.0,0.0,101.0,0.0,604.0,0.0,113.01346926153667,-35.73667503193984,112.51820247138414,48.6111300578324
1329,36.0400390625,0.0,0.0,101.0,0.0,606.0,0.0,113.01346926153667,-35.73667503193984,112.51820247138414,48.6111300578324
1330,36.070068359375,0.0,0.0,101.0,0.0,607.0,0.0,113.024499415924,-35.750593071204925,112.56719340642067,48.61336744395336
1331,36.090087890625,0.0,0.0,100.0,0.0,607.0,0.0,113.04214901029462,-35.72323334442225,112.51930931422811,48.5843921621584
1332,36.1201171875,0.0,0.0,101.0,0.0,609.0,0.0,112.89231037067222,-35.756549174327596,112.55256110075402,48.64066647545476
1333,36.14013671875,0.0,0.0,101.0,0.0,606.0,0.0,113.01022230400206,-35.73620953810667,112.538241888737,48.633684736778555
1334,36.169921875,0.0,0.0,100.0,0.0,606.0,0.0,113.01022230400206,-35.73620953810668,112.53824188873702,48.633684736778555
1335,36.199951171875,0.0,0.0,101.0,0.0,607.0,0.0,113.03389488477798,-35.70344149647857,112.53970331570058,48.598380979062824
1336,36.219970703125,0.0,0.0,100.0,0.0,606.0,0.0,112.87331903159344,-35.732901839776545,112.5365287427295,48.601970595138425
1337,36.25,0.0,0.0,102.0,0.0,606.0,0.0,112.87699319058945,-35.726092441745784,112.51058126775277,48.75137605743835
1338,36.280029296875,0.0,0.0,100.0,0.0,605.0,0.0,112.87699319058947,-35.72609244174581,112.51058126775278,48.75137605743834
1339,36.300048828125,0.0,0.0,101.0,0.0,605.0,0.0,112.8628464372131,-35.74599574376937,112.51930931422814,48.58439216215837
1340,36.330078125,0.0,0.0,100.0,0.0,604.0,0.0,113.05393415702645,-35.71616680546007,112.52110536103748,48.61611947913242
1341,36.35009765625,0.0,0.0,101.0,0.0,605.0,0.0,113.03981279352352,-35.72213309446942,112.52110536103748,48.61611947913242
1342,36.380126953125,0.0,0.0,100.0,0.0,606.0,0.0,113.78904284228798,-35.78842938848023,113.09085016208238,48.42648343629442
1343,36.400146484375,0.0,0.0,101.0,0.0,604.0,0.0,113.78852519482484,-35.74910579111402,113.09806677329053,48.40678721060948
1344,36.429931640625,0.0,0.0,101.0,0.0,605.0,0.0,113.78852519482484,-35.74910579111399,113.09806677329053,48.40678721060949
1345,36.4599609375,0.0,0.0,101.0,0.0,607.0,0.0,113.7446253143312,-35.79934149024036,113.09488599263224,48.41036832132704
1346,36.47998046875,0.0,0.0,101.0,0.0,604.0,0.0,113.74462531433122,-35.79934149024038,113.09488599263226,48.410368321327034
1347,36.510009765625,0.0,0.0,101.0,0.0,605.0,0.0,113.76571465399157,-35.800219974114746,113.07943847381625,48.42447726326752
1348,36.530029296875,0.0,0.0,101.0,0.0,606.0,0.0,113.76571465399157,-35.80021997411474,113.07943847381625,48.42447726326752
1349,36.56005859375,0.0,0.0,100.0,0.0,605.0,0.0,113.7674353060073,-35.817371875256484,113.07770074558945,48.392759248987474
1350,36.590087890625,0.0,0.0,102.0,0.0,606.0,0.0,113.76743530600731,-35.817371875256505,113.07770074558945,48.392759248987474
1351,36.610107421875,0.0,0.0,101.0,0.0,607.0,0.0,113.74275283506823,-35.988535366706245,113.07943847381625,48.42447726326751
1352,36.64013671875,0.0,0.0,101.0,0.0,605.0,0.0,113.74275283506822,-35.98853536670623,113.07943847381625,48.42447726326751
1353,36.659912109375,0.0,0.0,101.0,0.0,604.0,0.0,113.76888385672942,-35.78310129596694,113.05791644110836,48.43718387321862
1354,36.68994140625,0.0,0.0,101.0,0.0,604.0,0.0,113.72717223792462,-35.79548583698687,113.07265909933312,48.4292379636887
1355,36.719970703125,0.0,0.0,101.0,0.0,606.0,0.0,113.72717223792462,-35.795485836986884,113.07265909933314,48.42923796368869
1356,36.739990234375,0.0,0.0,101.0,0.0,607.0,0.0,113.76138573787053,-35.79728889608802,113.08974015561913,48.44684332444501
1357,36.77001953125,0.0,0.0,101.0,0.0,606.0,0.0,113.74308931427603,-35.8018191059311,113.07087701355532,48.39758085236554
1358,36.7900390625,0.0,0.0,101.0,0.0,608.0,0.0,113.7884820035015,-35.75915402809309,113.07265909933314,48.429237963688685
1359,36.820068359375,0.0,0.0,101.0,0.0,606.0,0.0,113.77929295473652,-35.80586085858296,113.07943847381625,48.42447726326751
1360,36.85009765625,0.0,0.0,101.0,0.0,603.0,0.0,113.77929295473652,-35.805860858582975,113.07943847381625,48.42447726326751
1361,36.8701171875,0.0,0.0,101.0,0.0,605.0,0.0,113.58556603347171,-35.79898945082288,113.07943847381625,48.424477263267505
1362,36.900146484375,0.0,0.0,100.0,0.0,604.0,0.0,113.74071872190072,-35.953651404461226,113.03580965481497,48.77248166550352
1363,36.919921875,0.0,0.0,101.0,0.0,603.0,0.0,113.74071872190072,-35.953651404461226,113.03580965481497,48.77248166550352
1364,36.949951171875,0.0,0.0,100.0,0.0,606.0,0.0,113.73867166657115,-35.984454494627485,113.07050761571165,48.79348787515338
1365,36.97998046875,0.0,0.0,101.0,0.0,605.0,0.0,113.73867166657115,-35.9844544946275,113.07050761571166,48.793487875153374
1366,37.0,0.0,0.0,101.0,0.0,600.0,0.0,113.75337818605617,-35.9336445166702,113.04943778200851,48.79126894785924
1367,37.030029296875,0.0,0.0,101.0,0.0,607.0,0.0,113.58777795896573,-35.971599082717,113.06570467364197,48.933182077595056
1368,37.050048828125,0.0,0.0,101.0,0.0,606.0,0.0,113.75889778662868,-36.111865359232816,113.05179315201546,48.8170021852961
1369,37.080078125,0.0,0.0,100.0,0.0,605.0,0.0,113.75889778662868,-36.111865359232816,113.05179315201546,48.8170021852961
1370,37.110107421875,0.0,0.0,100.0,0.0,606.0,0.0,113.74782909684542,-35.93924201791081,113.05624065131116,48.786489723102555
1371,37.130126953125,0.0,0.0,100.0,0.0,607.0,0.0,113.74616767694113,-35.97217883865835,113.05624065131116,48.786489723102555
1372,37.159912109375,0.0,0.0,101.0,0.0,606.0,0.0,113.71748942902833,-35.96047329846399,113.03464480655603,48.799245007418314
1373,37.179931640625,0.0,0.0,101.0,0.0,605.0,0.0,113.71748942902833,-35.96047329846399,113.03464480655603,48.799245007418314
1374,37.2099609375,0.0,0.0,101.0,0.0,605.0,0.0,113.74356514614576,-36.11609948256058,113.0545075020334,48.75463775618476
1375,37.239990234375,0.0,0.0,101.0,0.0,607.0,0.0,113.76170898884371,-35.95351934596695,113.01408855837481,48.78523227928002
1376,37.260009765625,0.0,0.0,101.0,0.0,607.0,0.0,113.59830525177192,-35.958353267210796,113.05624065131114,48.78648972310256
1377,37.2900390625,0.0,0.0,100.0,0.0,607.0,0.0,113.78908979232398,-35.92771849285116,113.033128780007,48.945673703871705
1378,37.31005859375,0.0,0.0,100.0,0.0,606.0,0.0,113.78908979232398,-35.92771849285116,113.033128780007,48.945673703871705
1379,37.340087890625,0.0,0.0,101.0,0.0,605.0,0.0,113.76096372388903,-35.956095860616216,113.04943778200851,48.79126894785923
1380,37.3701171875,0.0,0.0,101.0,0.0,603.0,0.0,113.76345260606098,-35.95370047414522,113.05624065131116,48.78648972310255
1381,37.39013671875,0.0,0.0,101.0,0.0,605.0,0.0,113.74362647182271,-35.94646616793225,113.05450750203343,48.75463775618474
1382,37.419921875,0.0,0.0,101.0,0.0,604.0,0.0,113.06425224257191,-35.58411918884932,112.44915606675343,48.850288269570775
1383,37.43994140625,0.0,0.0,101.0,0.0,605.0,0.0,113.06425224257191,-35.58411918884931,112.44915606675343,48.850288269570775
1384,37.469970703125,0.0,0.0,101.0,0.0,607.0,0.0,113.04228782608229,-35.630464662667265,112.48946702532898,48.8196896228913
1385,37.5,0.0,0.0,101.0,0.0,604.0,0.0,113.07787697202849,-35.59511519276273,112.49124023570477,48.85145791899244
1386,37.52001953125,0.0,0.0,101.0,0.0,602.0,0.0,113.0537499677444,-35.60952048630655,112.50987980055172,48.83370472712791
1387,37.550048828125,0.0,0.0,100.0,0.0,605.0,0.0,113.0537499677444,-35.609520486306565,112.50987980055172,48.83370472712791
1388,37.570068359375,0.0,0.0,101.0,0.0,606.0,0.0,113.07336883907512,-35.56047464977491,112.4677988390222,48.83245186173566
1389,37.60009765625,0.0,0.0,101.0,0.0,605.0,0.0,113.06318274163807,-35.630396980456574,112.4708240974665,48.83752615149192
1390,37.630126953125,0.0,0.0,101.0,0.0,605.0,0.0,113.11534752544212,-35.61120925482286,112.4491560667534,48.850288269570804
1391,37.650146484375,0.0,0.0,101.0,0.0,606.0,0.0,113.11534752544212,-35.611209254822846,112.4491560667534,48.850288269570804
1392,37.679931640625,0.0,0.0,100.0,0.0,606.0,0.0,113.12148207226134,-35.60584118410648,112.50838787142739,48.86905263850121
1393,37.699951171875,0.0,0.0,100.0,0.0,605.0,0.0,113.06646326938943,-35.58856967104405,112.49124023570477,48.85145791899245
1394,37.72998046875,0.0,0.0,101.0,0.0,605.0,0.0,113.08997661180155,-35.622837704904796,112.49124023570477,48.85145791899245
1395,37.760009765625,0.0,0.0,100.0,0.0,606.0,0.0,113.07968718200382,-35.56884264782453,112.4708240974665,48.837526151491936
1396,37.780029296875,0.0,0.0,101.0,0.0,604.0,0.0,113.07968718200382,-35.56884264782453,112.4708240974665,48.837526151491936
1397,37.81005859375,0.0,0.0,101.0,0.0,604.0,0.0,113.06970444992056,-35.61592851596124,112.46969723222745,48.8642244470687
1398,37.830078125,0.0,0.0,101.0,0.0,606.0,0.0,113.07968718200382,-35.56884264782448,112.46779883902217,48.83245186173569
1399,37.860107421875,0.0,0.0,102.0,0.0,607.0,0.0,113.09180288909704,-35.77866156817056,112.46969723222745,48.864224447068715
1400,37.89013671875,0.0,0.0,100.0,0.0,605.0,0.0,113.09180288909702,-35.77866156817054,112.46969723222745,48.864224447068715
1401,37.909912109375,0.0,0.0,102.0,0.0,604.0,0.0,113.06301099269822,-35.57152034646297,112.44236922185583,48.85511076425927
1402,37.93994140625,0.0,0.0,101.0,0.0,605.0,0.0,113.44935188305793,-35.959021539534,112.76106439656633,48.67140711067923
1403,37.969970703125,0.0,0.0,101.0,0.0,604.0,0.0,113.44935188305793,-35.959021539534014,112.76106439656631,48.671407110679226
1404,37.989990234375,0.0,0.0,100.0,0.0,604.0,0.0,113.47752927115086,-36.138935574867446,112.81721257343621,48.68150390117345
1405,38.02001953125,0.0,0.0,101.0,0.0,604.0,0.0,113.47752927115086,-36.13893557486743,112.8172125734362,48.68150390117346
1406,38.0400390625,0.0,0.0,101.0,0.0,604.0,0.0,113.46004127107648,-36.16159424327543,112.80294579117128,48.67454134446591
1407,38.070068359375,0.0,0.0,101.0,0.0,603.0,0.0,113.41649499673395,-35.962790379406385,112.80294579117128,48.67454134446591
1408,38.090087890625,0.0,0.0,101.0,0.0,603.0,0.0,113.44315406027607,-36.171850706002324,112.74031918005154,48.6588594723466
1409,38.1201171875,0.0,0.0,101.0,0.0,606.0,0.0,113.44315406027607,-36.171850706002324,112.74031918005153,48.658859472346606
1410,38.150146484375,0.0,0.0,101.0,0.0,602.0,0.0,113.45327428469467,-35.98440934152245,112.8018078350912,48.701284935025086
1411,38.169921875,0.0,0.0,101.0,0.0,602.0,0.0,113.4584677246558,-36.003326602826384,112.81721257343618,48.68150390117347
1412,38.199951171875,0.0,0.0,102.0,0.0,605.0,0.0,113.43175737635374,-35.93743459603876,112.79499190197416,48.70607930553999
1413,38.22998046875,0.0,0.0,101.0,0.0,602.0,0.0,113.43175737635374,-35.93743459603875,112.79499190197416,48.706079305539994
1414,38.25,0.0,0.0,102.0,0.0,603.0,0.0,113.47773469166351,-35.942918382662754,112.81426796560604,48.67645320886899
1415,38.280029296875,0.0,0.0,101.0,0.0,604.0,0.0,113.47237208793433,-35.97699000079299,112.82161642332565,48.65668608942343
1416,38.300048828125,0.0,0.0,100.0,0.0,603.0,0.0,113.4964775870044,-36.006216195562814,112.82161642332565,48.65668608942344
1417,38.330078125,0.0,0.0,101.0,0.0,602.0,0.0,113.49647758700442,-36.00621619556283,112.82161642332565,48.65668608942343
1418,38.35009765625,0.0,0.0,101.0,0.0,604.0,0.0,113.4123433906858,-36.041028523765284,112.82161642332565,48.65668608942343
1419,38.380126953125,0.0,0.0,100.0,0.0,604.0,0.0,113.45090945788345,-36.1566889834328,112.7961289685783,48.679356625724196
1420,38.409912109375,0.0,0.0,100.0,0.0,604.0,0.0,113.43112778100135,-35.9285325374561,112.78124848306123,48.68731149436656
1421,38.429931640625,0.0,0.0,101.0,0.0,604.0,0.0,113.39218474491915,-35.97391283840334,112.80335956820898,48.672684840960926
1422,38.4599609375,0.0,0.0,101.0,0.0,604.0,0.0,113.41111576514992,-36.3506473612412,112.76869669575574,48.5848048309372
1423,38.489990234375,0.0,0.0,101.0,0.0,603.0,0.0,113.4072667296282,-36.39480667138118,112.79041023038825,48.57199517746945
1424,38.510009765625,0.0,0.0,101.0,0.0,606.0,0.0,113.4072667296282,-36.39480667138118,112.79041023038825,48.57199517746945
1425,38.5400390625,0.0,0.0,101.0,0.0,605.0,0.0,113.44141915313743,-36.32946882672511,112.79723850748084,48.56716909419908
1426,38.56005859375,0.0,0.0,100.0,0.0,604.0,0.0,113.43150361341033,-36.352610258270666,112.76869669575574,48.5848048309372
1427,38.590087890625,0.0,0.0,101.0,0.0,605.0,0.0,113.43150361341033,-36.352610258270666,112.76869669575574,48.5848048309372
1428,38.610107421875,0.0,0.0,100.0,0.0,608.0,0.0,113.42281859928303,-36.36424234496221,112.8109043244986,48.58596844575464
1429,38.64013671875,0.0,0.0,101.0,0.0,605.0,0.0,113.44443340186689,-36.3654880487108,112.76233637374762,48.58008022574709
1430,38.669921875,0.0,0.0,101.0,0.0,605.0,0.0,113.41982934822127,-36.37380676720994,112.76869669575574,48.5848048309372
1431,38.68994140625,0.0,0.0,101.0,0.0,605.0,0.0,113.43209803181783,-36.35279188753927,112.76869669575575,48.58480483093719
1432,38.719970703125,0.0,0.0,100.0,0.0,604.0,0.0,113.43209803181782,-36.352791887539254,112.76869669575575,48.58480483093719
1433,38.75,0.0,0.0,100.0,0.0,606.0,0.0,113.4657242231155,-36.32150724628874,112.77550443409669,48.57996756563827
1434,38.77001953125,0.0,0.0,101.0,0.0,602.0,0.0,113.4453528366278,-36.55430529929311,112.76966669795988,48.5594591541601
1435,38.800048828125,0.0,0.0,101.0,0.0,603.0,0.0,113.44535283662782,-36.55430529929314,112.76966669795988,48.559459154160095
1436,38.820068359375,0.0,0.0,101.0,0.0,605.0,0.0,113.44110427559852,-36.36456107461701,112.79723850748087,48.56716909419906
1437,38.85009765625,0.0,0.0,101.0,0.0,604.0,0.0,113.45190383934838,-36.54967286250136,112.7755044340967,48.579967565638256
1438,38.8701171875,0.0,0.0,101.0,0.0,603.0,0.0,113.43669520594185,-36.37078470610862,112.76558912221942,48.585426469220174
1439,38.900146484375,0.0,0.0,101.0,0.0,603.0,0.0,113.26502339052844,-36.39456258465058,112.76869669575575,48.58480483093719
1440,38.929931640625,0.0,0.0,101.0,0.0,604.0,0.0,113.26502339052844,-36.394562584650565,112.76869669575575,48.58480483093719
1441,38.949951171875,0.0,0.0,102.0,0.0,603.0,0.0,113.4038851416931,-36.36841312417583,112.76869669575575,48.58480483093719
1442,38.97998046875,0.0,0.0,101.0,0.0,600.0,0.0,113.54562970533665,-35.38336414706168,112.87275350634977,48.88808185363905
1443,39.010009765625,0.0,0.0,100.0,0.0,603.0,0.0,113.50779843924704,-35.41109344214507,112.83750845345665,48.88209826660712
1444,39.030029296875,0.0,0.0,101.0,0.0,602.0,0.0,113.50779843924705,-35.41109344214508,112.83750845345665,48.88209826660712
1445,39.06005859375,0.0,0.0,101.0,0.0,603.0,0.0,113.51498592781262,-35.432038571935266,112.83072727870248,48.88690539344977
1446,39.080078125,0.0,0.0,100.0,0.0,602.0,0.0,113.5172204827721,-35.53613855961676,112.83909178256583,48.853529801995194
1447,39.110107421875,0.0,0.0,100.0,0.0,603.0,0.0,113.50012041507297,-35.40485771522678,112.83072727870248,48.88690539344977
1448,39.130126953125,0.0,0.0,101.0,0.0,603.0,0.0,113.53372668837997,-35.40903799883233,112.83072727870248,48.88690539344976
1449,39.159912109375,0.0,0.0,101.0,0.0,603.0,0.0,113.53372668837997,-35.40903799883233,112.83072727870248,48.88690539344976
1450,39.18994140625,0.0,0.0,100.0,0.0,604.0,0.0,113.52164000791458,-35.55563852256876,112.83072727870248,48.88690539344976
1451,39.2099609375,0.0,0.0,101.0,0.0,603.0,0.0,113.54943417837782,-35.42483278080712,112.86452957506636,48.83082155744215
1452,39.239990234375,0.0,0.0,101.0,0.0,601.0,0.0,113.53232864575996,-35.37125207194704,112.85120928101912,48.90081304628633
1453,39.260009765625,0.0,0.0,101.0,0.0,604.0,0.0,113.53232864575996,-35.37125207194707,112.85120928101912,48.900813046286316
1454,39.2900390625,0.0,0.0,100.0,0.0,604.0,0.0,113.53523484035665,-35.37252336820014,112.8427992457795,48.843514892576614
1455,39.320068359375,0.0,0.0,101.0,0.0,605.0,0.0,113.55317491809826,-35.38844578990312,112.85235468143985,48.87417723870015
1456,39.340087890625,0.0,0.0,101.0,0.0,602.0,0.0,113.35620732057157,-35.40741970002648,112.8307272787025,48.886905393449744
1457,39.3701171875,0.0,0.0,100.0,0.0,604.0,0.0,113.54076835704731,-35.372939536652616,112.8307272787025,48.886905393449744
1458,39.39013671875,0.0,0.0,100.0,0.0,602.0,0.0,113.54076835704731,-35.37293953665263,112.8307272787025,48.88690539344974
1459,39.419921875,0.0,0.0,101.0,0.0,604.0,0.0,113.50382716294564,-35.359467118345535,112.85235468143986,48.87417723870014
1460,39.449951171875,0.0,0.0,102.0,0.0,601.0,0.0,113.48911112835286,-35.40826192435411,112.81738204320274,48.866234153041404
1461,39.469970703125,0.0,0.0,102.0,0.0,603.0,0.0,113.5485608040709,-35.38134640702178,112.83794324718068,48.88023834533419
1462,39.5,0.0,0.0,101.0,0.0,603.0,0.0,113.74777766113755,-35.48667455061349,112.97383650508301,49.07359836629117
1463,39.52001953125,0.0,0.0,101.0,0.0,603.0,0.0,113.74777766113755,-35.48667455061351,112.97383650508303,49.07359836629117
1464,39.550048828125,0.0,0.0,100.0,0.0,604.0,0.0,113.70822956323774,-35.49631912143762,112.93360125766834,49.03415988271383
1465,39.580078125,0.0,0.0,101.0,0.0,603.0,0.0,113.70822956323774,-35.49631912143764,112.93360125766834,49.034159882713816
1466,39.60009765625,0.0,0.0,101.0,0.0,603.0,0.0,113.71609076625562,-35.48995333115119,112.95333068613091,49.05963597359421
1467,39.630126953125,0.0,0.0,101.0,0.0,606.0,0.0,113.72486851010423,-35.500687907663135,112.95333068613091,49.05963597359421
1468,39.650146484375,0.0,0.0,101.0,0.0,607.0,0.0,113.76367965828251,-35.47565305284851,112.95991981338665,49.05622689403084
1469,39.679931640625,0.0,0.0,100.0,0.0,604.0,0.0,113.7636796582825,-35.475653052848536,112.95991981338665,49.056226894030836
1470,39.7099609375,0.0,0.0,101.0,0.0,603.0,0.0,113.56374762248632,-35.498529630650026,112.96012761247334,49.05482445768226
1471,39.72998046875,0.0,0.0,101.0,0.0,605.0,0.0,113.56374762248632,-35.498529630650026,112.96012761247334,49.05482445768226
1472,39.760009765625,0.0,0.0,101.0,0.0,603.0,0.0,113.73184597197843,-35.51558806146235,112.98182354364887,49.042099712059965
1473,39.780029296875,0.0,0.0,101.0,0.0,606.0,0.0,113.54299601568707,-35.542681716572815,112.93997962049389,49.03890128105255
1474,39.81005859375,0.0,0.0,100.0,0.0,605.0,0.0,113.73647735901432,-35.50934463142333,112.96012761247334,49.054824457682265
1475,39.840087890625,0.0,0.0,101.0,0.0,603.0,0.0,113.7364773590143,-35.509344631423346,112.96012761247334,49.05482445768226
1476,39.860107421875,0.0,0.0,101.0,0.0,603.0,0.0,113.6927324006787,-35.49990211007569,112.97500614822647,49.04690004980826
1477,39.89013671875,0.0,0.0,101.0,0.0,604.0,0.0,113.71773003186203,-35.47354239954966,112.95656824861136,49.06495954134434
1478,39.909912109375,0.0,0.0,100.0,0.0,602.0,0.0,113.72869726950691,-35.509466970377304,112.97500614822647,49.04690004980825
1479,39.93994140625,0.0,0.0,101.0,0.0,601.0,0.0,113.72869726950691,-35.50946697037726,112.97500614822647,49.046900049808265
1480,39.969970703125,0.0,0.0,101.0,0.0,602.0,0.0,113.74380601033673,-35.49035071605225,112.95379003320939,49.050105443718095
1481,39.989990234375,0.0,0.0,101.0,0.0,602.0,0.0,113.72025192402452,-35.499173210233714,112.9533306861309,49.05963597359424
1482,40.02001953125,0.0,0.0,101.0,0.0,603.0,0.0,113.66552198897341,-35.82890042700542,112.94612396226455,48.73150665494624
1483,40.0400390625,0.0,0.0,101.0,0.0,602.0,0.0,113.6429647641606,-35.863397868755754,112.93939045814051,48.735859453956635
1484,40.070068359375,0.0,0.0,101.0,0.0,603.0,0.0,113.6429647641606,-35.86339786875578,112.93939045814052,48.73585945395663
1485,40.10009765625,0.0,0.0,100.0,0.0,604.0,0.0,113.59042230188206,-35.86770326107692,112.95452383960281,48.69801610849435
1486,40.1201171875,0.0,0.0,101.0,0.0,602.0,0.0,113.63190254964744,-35.8230749090255,112.94612396226458,48.73150665494622
1487,40.150146484375,0.0,0.0,101.0,0.0,601.0,0.0,113.60705071506794,-35.86834187631094,112.94612396226458,48.73150665494622
1488,40.169921875,0.0,0.0,100.0,0.0,603.0,0.0,113.60705071506794,-35.86834187631094,112.94612396226458,48.73150665494622
1489,40.199951171875,0.0,0.0,100.0,0.0,602.0,0.0,113.63924475118927,-35.84627211145888,112.93274727665107,48.71075592312219
1490,40.22998046875,0.0,0.0,100.0,0.0,603.0,0.0,113.63659408590038,-35.867745786614805,112.94612396226456,48.73150665494622
1491,40.25,0.0,0.0,100.0,0.0,603.0,0.0,113.6466413784978,-35.83175381913653,112.94770665969152,48.70285707292604
1492,40.280029296875,0.0,0.0,101.0,0.0,605.0,0.0,113.6466413784978,-35.83175381913656,112.94770665969153,48.70285707292603
1493,40.300048828125,0.0,0.0,100.0,0.0,605.0,0.0,113.63011348699644,-35.88219826869649,112.939328578177,48.7363274666106
1494,40.330078125,0.0,0.0,101.0,0.0,601.0,0.0,113.44384120103938,-35.87073861043317,112.94612396226458,48.731506654946216
1495,40.360107421875,0.0,0.0,101.0,0.0,603.0,0.0,113.63906042779766,-35.877057277658686,112.939328578177,48.73632746661059
1496,40.380126953125,0.0,0.0,101.0,0.0,602.0,0.0,113.44860008474194,-35.89895562436465,112.939328578177,48.73632746661059
1497,40.409912109375,0.0,0.0,101.0,0.0,601.0,0.0,113.44860008474194,-35.89895562436464,112.93932857817701,48.73632746661059
1498,40.429931640625,0.0,0.0,100.0,0.0,603.0,0.0,113.64755107466587,-35.85590678302593,112.92595103396923,48.715597614315946
1499,40.4599609375,0.0,0.0,102.0,0.0,602.0,0.0,113.58064909722398,-35.88182182995943,112.94612396226458,48.73150665494622
1500,40.489990234375,0.0,0.0,100.0,0.0,604.0,0.0,113.59550506893395,-35.91322062657884,112.9678175465749,48.718753407085615
1501,40.510009765625,0.0,0.0,101.0,0.0,601.0,0.0,113.59550506893393,-35.91322062657883,112.9678175465749,48.71875340708562
1502,40.5400390625,0.0,0.0,101.0,0.0,601.0,0.0,113.58191148077121,-35.728932276298735,112.92840437210134,48.54313113331693
1503,40.56005859375,0.0,0.0,101.0,0.0,603.0,0.0,113.5819114807712,-35.72893227629872,112.92840437210134,48.54313113331695
1504,40.590087890625,0.0,0.0,100.0,0.0,603.0,0.0,113.61785667351168,-35.7503266979207,112.93518522183962,48.53832130135383
1505,40.6201171875,0.0,0.0,101.0,0.0,601.0,0.0,113.57536474014768,-35.74340120852388,112.93518522183962,48.53832130135382
1506,40.64013671875,0.0,0.0,101.0,0.0,599.0,0.0,113.57536474014768,-35.743401208523906,112.93518522183962,48.53832130135381
1507,40.669921875,0.0,0.0,100.0,0.0,601.0,0.0,113.55603429201439,-35.76959210298676,112.90353185306721,48.556560933071054
1508,40.699951171875,0.0,0.0,101.0,0.0,603.0,0.0,113.61137222191475,-35.72852368020331,112.8957367918053,48.508486556771395
1509,40.719970703125,0.0,0.0,101.0,0.0,601.0,0.0,113.59293870032894,-35.78809199754117,112.91504226390961,48.52244488260143
1510,40.75,0.0,0.0,100.0,0.0,602.0,0.0,113.59293870032894,-35.78809199754117,112.91504226390961,48.52244488260143
1511,40.77001953125,0.0,0.0,100.0,0.0,603.0,0.0,113.41192967522113,-35.77182026131463,112.92206880029879,48.53842632904703
1512,40.800048828125,0.0,0.0,101.0,0.0,602.0,0.0,113.55116693001565,-35.77605622377262,112.90139209900971,48.525783871697044
1513,40.820068359375,0.0,0.0,101.0,0.0,602.0,0.0,113.55116693001565,-35.77605622377259,112.90139209900971,48.52578387169705
1514,40.85009765625,0.0,0.0,101.0,0.0,603.0,0.0,113.58957281395456,-35.74854668609097,112.9166898874842,48.556457470873895
1515,40.880126953125,0.0,0.0,100.0,0.0,602.0,0.0,113.5935509161866,-35.76427566312435,112.95003224393037,48.53039611132706
1516,40.900146484375,0.0,0.0,101.0,0.0,602.0,0.0,113.59355091618662,-35.76427566312441,112.95003224393037,48.53039611132704
1517,40.929931640625,0.0,0.0,101.0,0.0,600.0,0.0,113.59628992342469,-35.73220635856634,112.89646411730564,48.540567565777664
1518,40.9599609375,0.0,0.0,100.0,0.0,602.0,0.0,113.57248104877904,-35.742165484422365,112.90866591847603,48.51771777383357
1519,40.97998046875,0.0,0.0,100.0,0.0,604.0,0.0,113.61747149842216,-35.72312275677631,112.92840437210138,48.54313113331689
1520,41.010009765625,0.0,0.0,100.0,0.0,601.0,0.0,113.56818696419636,-35.722427644799026,112.91033349497646,48.5517518963534
1521,41.030029296875,0.0,0.0,101.0,0.0,603.0,0.0,113.61216197239355,-35.776035933946005,112.91504226390963,48.5224448826014
1522,41.06005859375,0.0,0.0,101.0,0.0,603.0,0.0,113.61805775299108,-36.23774167068819,113.00061759968912,48.31722327141819
1523,41.080078125,0.0,0.0,101.0,0.0,602.0,0.0,113.61805775299108,-36.2377416706882,113.00061759968912,48.317223271418186
1524,41.110107421875,0.0,0.0,101.0,0.0,599.0,0.0,113.60327232137067,-36.20889692699563,113.01951606363392,48.36921449400336
1525,41.14013671875,0.0,0.0,102.0,0.0,602.0,0.0,113.60327232137067,-36.208896926995614,113.01951606363392,48.36921449400336
1526,41.159912109375,0.0,0.0,101.0,0.0,603.0,0.0,113.60668831099146,-36.38445306723283,113.01271857377623,48.37404153427024
1527,41.18994140625,0.0,0.0,101.0,0.0,602.0,0.0,113.60668831099146,-36.38445306723283,113.01271857377623,48.37404153427023
1528,41.219970703125,0.0,0.0,101.0,0.0,602.0,0.0,113.6394638657677,-36.1802298640039,113.0063637345385,48.36932696526425
1529,41.239990234375,0.0,0.0,102.0,0.0,602.0,0.0,113.68333265579673,-36.394180419127935,112.9941803612347,48.39222825883902
1530,41.27001953125,0.0,0.0,101.0,0.0,603.0,0.0,113.65427534446341,-36.210682877310205,113.0063637345385,48.36932696526424
1531,41.2900390625,0.0,0.0,101.0,0.0,603.0,0.0,113.63887356106638,-36.20293474489728,113.0063637345385,48.369326965264236
1532,41.320068359375,0.0,0.0,101.0,0.0,604.0,0.0,113.63887356106636,-36.20293474489726,113.0063637345385,48.36932696526424
1533,41.340087890625,0.0,0.0,100.0,0.0,599.0,0.0,113.60275892940025,-36.218038636688014,112.98562524923835,48.356660259199955
1534,41.3701171875,0.0,0.0,101.0,0.0,599.0,0.0,113.64669550718568,-36.1977713752373,113.01316120865067,48.364499925935284
1535,41.400146484375,0.0,0.0,101.0,0.0,604.0,0.0,113.6241271273607,-36.20878154143613,112.99291574183394,48.34856753526372
1536,41.419921875,0.0,0.0,100.0,0.0,601.0,0.0,113.64283063611208,-36.17240390372852,113.01271857377624,48.374041534270226
1537,41.449951171875,0.0,0.0,100.0,0.0,602.0,0.0,113.64283063611208,-36.17240390372854,113.01271857377624,48.37404153427022
1538,41.47998046875,0.0,0.0,101.0,0.0,604.0,0.0,113.65653519927363,-36.17554305578503,113.01951606363393,48.36921449400335
1539,41.5,0.0,0.0,101.0,0.0,601.0,0.0,113.65888138881593,-36.363898452055835,113.03440057558117,48.36125894650222
1540,41.530029296875,0.0,0.0,101.0,0.0,601.0,0.0,113.6588813888159,-36.36389845205582,113.03440057558117,48.36125894650222
1541,41.550048828125,0.0,0.0,101.0,0.0,601.0,0.0,113.62928373443171,-36.24599715463111,112.99291574183394,48.34856753526372
1542,41.580078125,0.0,0.0,101.0,0.0,602.0,0.0,113.42738446896361,-35.650639472349006,112.71605127636407,49.24624451167507
1543,41.60009765625,0.0,0.0,101.0,0.0,603.0,0.0,113.45326960740235,-35.68424899507311,112.6973840959198,49.26446117222137
1544,41.630126953125,0.0,0.0,101.0,0.0,601.0,0.0,113.45215846276241,-35.834323189723484,112.72945047140124,49.26702016744639
1545,41.659912109375,0.0,0.0,101.0,0.0,601.0,0.0,113.27691616905038,-35.68592288116982,112.69096505627402,49.259714590632626
1546,41.679931640625,0.0,0.0,100.0,0.0,600.0,0.0,113.44512890842506,-35.71268270222727,112.71605127636407,49.24624451167506
1547,41.7099609375,0.0,0.0,102.0,0.0,601.0,0.0,113.44512890842506,-35.71268270222727,112.71605127636407,49.24624451167506
1548,41.739990234375,0.0,0.0,101.0,0.0,602.0,0.0,113.26055493849498,-35.68845575501131,112.70305622323954,49.23698667904784
1549,41.760009765625,0.0,0.0,101.0,0.0,598.0,0.0,113.45379488394809,-35.661452244479165,112.72309323525621,49.26229673441921
1550,41.7900390625,0.0,0.0,100.0,0.0,602.0,0.0,113.4907939511382,-35.661215491676906,112.69551398544624,49.22281277316003
1551,41.81005859375,0.0,0.0,101.0,0.0,602.0,0.0,113.4388782437185,-35.680979708453776,112.73785885546793,49.233462894875174
1552,41.840087890625,0.0,0.0,100.0,0.0,601.0,0.0,113.46339009780283,-35.67692926667156,112.71647718212249,49.25774209006915
1553,41.860107421875,0.0,0.0,101.0,0.0,601.0,0.0,113.4832710792349,-35.70105736398455,112.68887775835549,49.22892248952739
